-0.00217366198159 19152 0.00159113602038 31392 -0.00298592256273 -0.0548323406263 0.00402147408249 
-0.00163766482538 19142 0.0011987822923 31390 -0.00224963236866 -0.0548323406263 0.00302983016995 
0.000506323799442 19156 -0.000370632620016 31390 0.000695528407639 -0.0660806746476 -0.000936745480232 
-0.00163492845805 19160 0.0012009817105 31386 -0.00225044944996 -0.0660806746476 0.00302983016995 
-2.96237756765e-05 19136 2.1760960003e-05 31386 -4.07765913845e-05 -0.0660806746476 5.48984323139e-05 
-0.00056472533647 19148 0.000414834543503 31398 -0.000777334210909 -0.0548323406263 0.00104654234486 
0.00318098558908 19150 -0.00233668054099 31376 0.00437856912576 -0.0576444241316 -0.00589496504295 
-0.00217003001885 19162 0.001594055294 31388 -0.00298700706948 -0.068892758153 0.00402147408249 
-0.00056472533647 19166 0.000414834543503 31394 -0.000777334210909 -0.0463960901103 0.00104654234486 
0.00157866634578 19152 -0.00115637115631 31402 0.0021673054288 -0.0576444241316 -0.00292003330532 
0.0021147817623 19152 -0.00154907503941 31402 0.00290332279929 -0.0576444241316 -0.00391167721786 
0.0021147817623 19154 -0.00154907503941 31396 0.00290332279929 -0.0632685911423 -0.00391167721786 
0.00104255092926 19152 -0.000763667273203 31392 0.00143128805832 -0.0463960901103 -0.00192838939277 
0.00158356859915 19156 -0.00115230414353 31384 0.00216589477048 -0.0463960901103 -0.00292003330532 
0.00427246971301 19152 -0.00310891776716 31394 0.00584358632359 -0.0829531756797 -0.00787825286804 
-0.00218089296027 19152 0.00158695492955 31390 -0.00298287340388 -0.0435840066049 0.00402147408249 
0.00212134882192 19156 -0.00154362686825 31382 0.0029014330811 -0.068892758153 -0.00391167721786 
0.00104578837637 19156 -0.0007609814188 31396 0.00143035645985 -0.0717048416583 -0.00192838939277 
0.00104578837637 19150 -0.0007609814188 31396 0.00143035645985 -0.0717048416583 -0.00192838939277 
-2.99116000809e-05 19156 2.15633160317e-05 31396 -4.06713345347e-05 -0.077329008669 5.48984323139e-05 
0.000510389003863 19150 -0.000367940175705 31396 0.000693985004573 -0.0632685911423 -0.000936745480232 
0.000510389003863 19156 -0.000367940175705 31384 0.000693985004573 -0.0829531756797 -0.000936745480232 
0.00321189202358 19154 -0.00231545763439 31380 0.00436726670011 -0.0548323406263 -0.00589496504295 
0.0010506896078 19154 -0.000757443667441 31388 0.00142864134368 -0.085765259185 -0.00192838939277 
-0.000572858370416 19156 0.000409599517324 31388 -0.000774152699689 -0.0463960901103 0.00104654234486 
0.00105556551103 19156 -0.00075473999535 31396 0.00142647630246 -0.052020257121 -0.00192838939277 
0.00159837347152 19154 -0.00114285316624 31402 0.00216001930318 -0.0660806746476 -0.00292003330532 
0.000512757550553 19168 -0.00036662682446 31394 0.000692933301749 -0.052020257121 -0.000936745480232 
0.00376960531345 19156 -0.00269530584981 31390 0.00509419130606 -0.0379598395943 -0.0068866089555 
0.00323671064047 19152 -0.00229888779194 31404 0.00435768654306 -0.0379598395943 -0.00589496504295 
0.000514332831694 19148 -0.000365307127858 31390 0.000692462659869 -0.0548323406263 -0.000936745480232 
-3.01427300621e-05 19156 2.14090049599e-05 31400 -4.05821167702e-05 -0.085765259185 5.48984323139e-05 
0.00432566176398 19156 -0.00307232005758 31392 0.00582377609634 -0.0435840066049 -0.00787825286804 
0.000513869184861 19148 -0.000365668425392 31390 0.000692616169502 -0.0435840066049 -0.000936745480232 
0.0016018386702 19142 -0.00113986563414 31384 0.00215903073506 -0.060456507637 -0.00292003330532 
-3.01155578101e-05 19152 2.14301789807e-05 31402 -4.05911132782e-05 -0.0548323406263 5.48984323139e-05 
0.000513869184861 19160 -0.000365668425392 31394 0.000692616169502 -0.0210873385622 -0.000936745480232 
-0.00111808504315 19162 0.000795627387726 31400 -0.00150700567884 -0.0210873385622 0.0020381862574 
0.00268980815554 19162 -0.00191406284288 31398 0.00362544530062 -0.085765259185 -0.00490332113041 
0.00213662891942 19150 -0.0015315252696 31398 0.00289663008789 -0.085765259185 -0.00391167721786 
0.00159497506014 19158 -0.00114327040451 31384 0.00216230937747 -0.0801410921743 -0.00292003330532 
-2.99865176955e-05 19148 2.14941907696e-05 31398 -4.06527537834e-05 -0.0717048416583 5.48984323139e-05 
0.00213662891942 19150 -0.0015315252696 31402 0.00289663008789 -0.0717048416583 -0.00391167721786 
-2.99865176955e-05 19158 2.14941907696e-05 31388 -4.06527537834e-05 -0.0801410921743 5.48984323139e-05 
0.000511089191544 19158 -0.000367061150573 31388 0.000693935187724 -0.0801410921743 -0.000936745480232 
0.00105213101801 19162 -0.000755634101474 31390 0.00142853879044 -0.0548323406263 -0.00192838939277 
-0.000570994461396 19148 0.000410084751231 31400 -0.000775272017711 -0.085765259185 0.00104654234486 
-0.00327620359374 19148 0.00235294950574 31400 -0.0044482900313 -0.085765259185 0.00600476190758 
-0.00325918946693 19154 0.00236400679607 31374 -0.00445492103786 -0.0745169251637 0.00600476190758 
0.00212313117201 19138 -0.00153998304502 31396 0.00290206562714 -0.0745169251637 -0.00391167721786 
0.000508434980329 19154 -0.000368786092694 31398 0.000694969627644 -0.0379598395943 -0.000936745480232 
-2.9797083565e-05 19158 2.16128914153e-05 31400 -4.07290388569e-05 -0.0745169251637 5.48984323139e-05 
0.00212313117201 19146 -0.00153998304502 31400 0.00290206562714 -0.0745169251637 -0.00391167721786 
-0.00110406249788 19142 0.000804965676084 31392 -0.00151237544313 -0.0717048416583 0.0020381862574 
0.000507424456926 19148 -0.000369960280163 31394 0.000695084100199 -0.0632685911423 -0.000936745480232 
0.00104458677519 19164 -0.000761602265577 31398 0.00143090394797 -0.0323356725836 -0.00192838939277 
0.00319323604826 19156 -0.00232817020724 31402 0.00437418333908 -0.0295235890783 -0.00589496504295 
-2.9737861341e-05 19142 2.16817052529e-05 31404 -4.07357475777e-05 -0.0745169251637 5.48984323139e-05 
-0.000565086045712 19162 0.000415095782414 31388 -0.00077693251441 -0.077329008669 0.00104654234486 
0.000505800650937 19130 -0.000371546454808 31386 0.000695421475197 -0.077329008669 -0.000936745480232 
0.00211213069591 19154 -0.00155150981064 31412 0.00290395245961 -0.0576444241316 -0.00391167721786 
0.000505800650937 19160 -0.000371546454808 31394 0.000695421475197 -0.0435840066049 -0.000936745480232 
-0.00163597274236 19134 0.00120173801963 31386 -0.00224928650401 -0.0435840066049 0.00302983016995 
0.00157638934528 19148 -0.0011587394263 31404 0.00216769787521 -0.060456507637 -0.00292003330532 
0.00157638934528 19162 -0.0011587394263 31400 0.00216769787521 -0.060456507637 -0.00292003330532 
0.00157638934528 19162 -0.0011587394263 31400 0.00216769787521 -0.060456507637 -0.00292003330532 
0.00157638934528 19156 -0.0011587394263 31398 0.00216769787521 -0.052020257121 -0.00292003330532 
0.00264707363865 19152 -0.00194575572247 31386 0.00363999916593 -0.052020257121 -0.00490332113041 
-2.96370947601e-05 19150 2.17850179477e-05 31384 -4.0754060874e-05 -0.052020257121 5.48984323139e-05 
-0.00110032138812 19152 0.000808801314114 31408 -0.0015130553516 -0.0548323406263 0.0020381862574 
0.00211173149197 19152 -0.00155224757438 31394 0.00290384852057 -0.060456507637 -0.00391167721786 
0.00158032413202 19158 -0.00115679876809 31398 0.00216586859068 -0.0660806746476 -0.00292003330532 
0.00211700253309 19164 -0.00154964786824 31392 0.00290139801063 -0.0660806746476 -0.00391167721786 
0.00265368093416 19146 -0.00194249696839 31396 0.00363692743059 -0.0717048416583 -0.00490332113041 
0.00265368093416 19154 -0.00194249696839 31396 0.00363692743059 -0.0717048416583 -0.00490332113041 
0.00212336130587 19168 -0.00154480801024 31384 0.00289933158383 -0.0913894261957 -0.00391167721786 
0.00373823252031 19164 -0.00271967447346 31408 0.00510434827265 -0.077329008669 -0.0068866089555 
0.00319994211549 19162 -0.00232805231905 31396 0.00436934270971 -0.077329008669 -0.00589496504295 
0.000508490091434 19140 -0.000369941547019 31388 0.000694314895013 -0.0463960901103 -0.000936745480232 
0.00319994211549 19138 -0.00232805231905 31384 0.00436934270971 -0.068892758153 -0.00589496504295 
0.00104678049625 19144 -0.000761563701425 31380 0.00142932045795 -0.0745169251637 -0.00192838939277 
-0.00165245331045 19156 0.00119012556299 31398 -0.00224340590616 -0.0492081736156 0.00302983016995 
0.00267424534699 19156 -0.00192603792739 31398 0.00363061259765 -0.0492081736156 -0.00490332113041 
0.00159257068263 19142 -0.00114699705479 31386 0.0021621079717 -0.0435840066049 -0.00292003330532 
0.00051089601827 19164 -0.000367956182198 31394 0.000693603345748 -0.077329008669 -0.000936745480232 
0.00105419141717 19164 -0.000753776087771 31394 0.00142800130099 -0.077329008669 -0.00192838939277 
0.00268049548015 19162 -0.00191662857751 31388 0.00363098292266 -0.0998256767117 -0.00490332113041 
0.00213839412582 19140 -0.00152901108093 31392 0.00289665571544 -0.0801410921743 -0.00391167721786 
0.00159629277149 19146 -0.00114139358435 31384 0.00216232850822 -0.0576444241316 -0.00292003330532 
-3.0011291484e-05 19154 2.14589053898e-05 31380 -4.06531134534e-05 -0.0576444241316 5.48984323139e-05 
0.00484890089745 19146 -0.00346709856384 31386 0.00656829175156 -0.0632685911423 -0.00886989678058 
-3.01177033437e-05 19138 2.13600699111e-05 31402 -4.0626459718e-05 -0.0632685911423 5.48984323139e-05 
0.00214597628855 19150 -0.00152196875797 31406 0.00289475655721 -0.0745169251637 -0.00391167721786 
0.00214597628855 19136 -0.00152196875797 31394 0.00289475655721 -0.085765259185 -0.00391167721786 
-3.01177033437e-05 19150 2.13600699111e-05 31406 -4.0626459718e-05 -0.0885773426903 5.48984323139e-05 
0.00214509788459 19158 -0.00152238235231 31386 0.00289519009663 -0.0913894261957 -0.00391167721786 
0.00268889869958 19160 -0.00190831940901 31402 0.00362914575685 -0.0913894261957 -0.00490332113041 
0.000513695439611 19146 -0.000364571182202 31394 0.000693323115989 -0.0717048416583 -0.000936745480232 
-0.000573906190378 19176 0.000407302931204 31402 -0.000774588204443 -0.0913894261957 0.00104654234486 
0.000513695439611 19154 -0.000364571182202 31404 0.000693323115989 -0.068892758153 -0.000936745480232 
0.0010574962546 19134 -0.000750508238904 31396 0.0014272787762 -0.0717048416583 -0.00192838939277 
0.00104404837052 19154 -0.000762661254321 31396 0.00143073284066 -0.0660806746476 -0.00192838939277 
0.0021359492159 19154 -0.00153301437255 31408 0.00289634364975 -0.077329008669 -0.00391167721786 
0.00213140165658 19146 -0.00153533694861 31394 0.00289846271139 -0.0548323406263 -0.00391167721786 
-0.00485922443533 19130 0.00355261663346 31394 -0.00666346388184 -0.0323356725836 0.00897969364522 
-2.98733558186e-05 19154 2.15904466948e-05 31386 -4.06850475504e-05 -0.077329008669 5.48984323139e-05 
0.00204022816006 19158 -0.00154954441165 31370 0.0029559431368 -0.0745169251637 -0.00391167721786 
-0.0916972496194 19226 0.120506390695 31404 -0.148751384277 -0.0885773426903 0.212266695717 
-0.371025688033 19160 1.27400850191 32174 -0.488908703293 -0.0913894261957 1.41413911772 
-0.35086130153 19236 2.75018502882 33544 -0.16945614519 -0.0998256767117 2.77764949747 
0.112969555638 19288 -0.140471098491 32280 0.138198932227 -0.0998256767117 0.227141354405 
0.117522445994 19300 -0.150446270305 32286 0.151954115731 -0.0998256767117 0.243999300918 
0.268177916736 19302 -0.375209400089 32352 0.457443816835 -0.0998256767117 0.649581661149 
0.510483828417 19172 -0.830741580945 32732 1.17926619831 -0.111074010733 1.53016145549 
-1.11278745988 18844 1.45150939973 33368 -2.31610239752 -0.153255263313 2.95118718216 
0.00146907606272 19016 -0.00075144357587 31600 0.002409095801 -0.274174854043 -0.00292003330532 
-0.00450964264225 19012 0.00177702502282 31602 -0.00634934987531 -0.262926520021 0.00798804973267 
-0.00206836764454 19026 0.00101627622357 31606 -0.00329564739021 -0.262926520021 0.00402147408249 
-0.00288611146667 19020 0.00131436948047 31604 -0.00388254368976 -0.282611104559 0.00501311799504 
0.00673107365263 19070 -0.00278356429386 31494 0.011754200054 -0.268550687032 -0.0138281163433 
-0.356064466257 19100 -0.327273084448 31168 -1.38466902161 -0.271362770537 1.46669624509 
-0.605240235709 19066 -1.16232871643 30306 -2.49958071913 -0.310731939612 2.82227347353 
-0.594182500615 19070 -1.44074097665 30008 -2.76653835488 -0.262926520021 3.1752987064 
-0.60326345237 19112 -1.86041797407 29464 -3.43955007421 -0.316356106623 3.95671410948 
-0.614062669205 19128 -2.27588711288 29152 -4.02990811282 -0.257302353011 4.66871443869 
-0.619887569918 19106 -2.49957544088 28904 -4.16490566302 -0.262926520021 4.89679253858 
-0.635635778802 19116 -2.70845253326 28646 -4.42045633864 -0.279799021053 5.2230433858 
-0.67706444276 19080 -2.95178861452 28424 -4.77150175036 -0.265738603527 5.65143355602 
-0.67047422356 19078 -2.91024479485 28366 -4.91893813725 -0.282611104559 5.75456452293 
-0.768958507147 18932 -2.35306939655 28728 -4.48505764028 -0.265738603527 5.12288735064 
-0.662290983285 18924 -2.01013824362 28900 -3.74516373479 -0.285423188064 4.30180619105 
-0.588755283805 18920 -1.80595115338 29016 -3.41885931884 -0.260114436516 3.91109848951 
-0.543286059875 18914 -1.6283292244 29120 -3.05419818696 -0.254490269505 3.50353284145 
-0.412436623806 18934 -1.38439289616 29246 -2.60188375284 -0.282611104559 2.97597827998 
-0.310732808123 18948 -1.10574979638 29416 -2.03568475233 -0.279799021053 2.3373596003 
-0.233300072591 18942 -0.815385960698 29562 -1.44204919457 -0.307919856107 1.67295817889 
-0.0629148951807 18984 -0.220782321952 29982 -0.538208065575 -0.212309016925 0.585124806834 
-0.0103432266342 18984 -0.0122182528561 30296 -0.0928917719762 -0.279799021053 0.094261070124 
0.157408208598 19242 0.35438751946 31092 -1.16695238845 -0.231993601463 1.22969334999 
0.804488886353 19960 1.67890598758 32560 -2.31411778253 -0.195436515893 2.9700284165 
1.12391249038 20388 2.58970969793 33676 -3.27212295609 -0.271362770537 4.3216390693 
1.52819377094 20734 3.063839649 34082 -3.62601708703 -0.282611104559 4.98703213462 
1.89304605273 21148 3.60062400035 34750 -4.10522043761 -0.223557350947 5.77935562074 
2.19067135064 21496 4.10829371671 35462 -4.64770168546 -0.215121100431 6.57862061425 
2.65219256217 21970 4.67218411306 35932 -4.99277891936 -0.226369434452 7.33425327561 
3.01934116791 22346 5.07788438172 36370 -5.2769086915 -0.20949693342 7.92130647184 
3.46513632752 22782 5.5683347518 36944 -5.51929887492 -0.237617768473 8.57182487847 
3.69149138127 23052 5.90227978073 37376 -5.69967670084 -0.206684849914 8.99724011695 
3.44463586327 22848 5.51676847811 37200 -5.18857136541 -0.229181517957 8.31994732468 
2.81207771132 22294 4.55133785601 36594 -4.24496195849 -0.246054018989 6.82950652413 
2.16527181058 21656 3.63555764624 35586 -3.41594282285 -0.234805684968 5.43823011483 
1.76295480127 21424 2.96940304368 35084 -2.75374000239 -0.20949693342 4.41683688491 
1.2105462246 20974 2.18966289104 34248 -2.06126781954 -0.29385943858 3.24173884854 
0.793835532818 20638 1.50525518047 33510 -1.35087388674 -0.226369434452 2.17274671082 
0.415154881328 20318 0.850435252816 32796 -0.756948877313 -0.285423188064 1.21184375956 
0.228389767972 20120 0.556125248211 32502 -0.569451733265 -0.231993601463 0.828077565407 
0.016918571732 19914 0.299238031316 32336 -0.385044699011 -0.268550687032 0.487943703404 
-0.0182966512799 19760 0.0347055903552 32028 -0.058528573456 -0.237617768473 0.070461616223 
-0.000500164803 19712 0.000374053698301 31912 -0.000839743937288 -0.254490269505 0.00104654234486 
0.0350221036372 19734 -0.024279942925 31902 0.0559760226831 -0.246054018989 -0.0703518193583 
-0.311569781551 19590 0.317696120218 32124 -0.579830220456 -0.248866102495 0.730896461978 

 
