-0.0128190037512 18870 0.00377898902585 31390 -0.0147280700084 0.0492147490712 0.0198877766832 
-0.0128190037512 18870 0.00377898902585 31390 -0.0147280700084 0.0492147490712 0.0198877766832 
-0.0121842580319 18854 0.00358476444799 31382 -0.0139913242315 0.0576509995872 0.0188961327707 
-0.00898718976062 18848 0.00264414609875 31386 -0.0103200938081 0.0576509995872 0.0139379132079 
-0.00898718976062 18866 0.00264414609875 31388 -0.0103200938081 0.0688993336085 0.0139379132079 
-0.00898718976062 18864 0.00264414609875 31392 -0.0103200938081 0.0604630830925 0.0139379132079 
-0.0102576812965 18856 0.00303174326562 31386 -0.0117929279453 0.0829597511352 0.015921201033 
-0.0108965757614 18868 0.00322057385368 31394 -0.0125274444673 0.0745235006192 0.0169128449456 
-0.0115354702263 18854 0.00340940444175 31398 -0.0132619609892 0.0745235006192 0.0179044888581 
-0.00834099790184 18866 0.00246525150143 31392 -0.00958937837949 0.0913960016512 0.0129462692954 
-0.0121743646912 18864 0.00359823502981 31388 -0.0139964775112 0.0913960016512 0.0188961327707 
-0.0115354702263 18850 0.00340940444175 31384 -0.0132619609892 0.0464026655658 0.0179044888581 
-0.0121829034444 18852 0.00358904782013 31384 -0.0139914056869 0.0464026655658 0.0188961327707 
-0.0128222460117 18864 0.00377739627565 31390 -0.0147256560463 0.0660872501032 0.0198877766832 
-0.0109042183098 18862 0.00321235090909 31386 -0.0125229049682 0.0660872501032 0.0169128449456 
-0.00834684804054 18862 0.00245895708701 31380 -0.00958590353077 0.0660872501032 0.0129462692954 
-0.00833886173643 18858 0.00246508523541 31392 -0.00959127876728 0.0660872501032 0.0129462692954 
-0.0115325159428 18876 0.00340917449843 31392 -0.013264589196 0.0464026655658 0.0179044888581 
-0.00961632341899 18868 0.00284272094062 31402 -0.0110606029388 0.0576509995872 0.0149295571205 
-0.0102550542603 18856 0.00303153879323 31392 -0.0117952650245 0.0660872501032 0.015921201033 
-0.0128099776254 18874 0.00378681020364 31404 -0.0147339133675 0.0632751665979 0.0198877766832 
-0.0121712467841 18858 0.00359799235104 31394 -0.0139992512817 0.0632751665979 0.0188961327707 
-0.0121712467841 18858 0.00359799235104 31394 -0.0139992512817 0.0632751665979 0.0188961327707 
-0.0115468098924 18882 0.00339866587426 31394 -0.0132548471456 0.0773355841245 0.0179044888581 
-0.00898871983359 18856 0.00264572255335 31392 -0.0103183570648 0.0660872501032 0.0139379132079 
-0.014744422466 18848 0.00433984502539 31386 -0.0169254597467 0.0660872501032 0.0228627084208 
-0.0134653774366 18856 0.00396337336494 31394 -0.0154572147063 0.0407784985552 0.0208794205958 
-0.0128121974112 18862 0.00379090751674 31394 -0.0147309293358 0.0632751665979 0.0198877766832 
-0.00834030674183 18862 0.00246775244752 31394 -0.00958933626373 0.0632751665979 0.0129462692954 
-0.00834030674183 18862 0.00246775244752 31394 -0.00958933626373 0.0632751665979 0.0129462692954 
-0.0108956728386 18866 0.0032238410585 31396 -0.0125273894478 0.0520268325765 0.0169128449456 
-0.0115345143628 18866 0.00341286321125 31402 -0.0132619027438 0.0632751665979 0.0179044888581 
-0.0121796594526 18856 0.00359472011475 31394 -0.0139927737279 0.0576509995872 0.0188961327707 
-0.0153755210873 18856 0.00453795076474 31386 -0.0176643844896 0.0576509995872 0.0238543523334 
-0.0102621424718 18868 0.00302878172476 31404 -0.0117898072709 0.0773355841245 0.015921201033 
-0.0109013147988 18868 0.00321742785476 31390 -0.0125241294233 0.0576509995872 0.0169128449456 
-0.00898087684306 18866 0.00265093483985 31386 -0.0103238471607 0.0576509995872 0.0139379132079 
-0.00770294782774 18844 0.00227372149991 31392 -0.00885482091001 0.0717114171139 0.0119546253828 
-0.00898087684306 18856 0.00265093483985 31380 -0.0103238471607 0.0745235006192 0.0139379132079 
-0.0115367348737 18870 0.00340536151973 31392 -0.013261899662 0.0745235006192 0.0179044888581 
-0.0121756993814 18858 0.0035939681897 31392 -0.0139964127873 0.0688993336085 0.0188961327707 
-0.00961984135072 18850 0.00283954150982 31394 -0.011058360286 0.0548389160818 0.0149295571205 
-0.0115370294446 18862 0.003403099808 31380 -0.0132622239674 0.0660872501032 0.0179044888581 
-0.0128149910897 18860 0.00378006261717 31384 -0.0147312861415 0.0660872501032 0.0198877766832 
-0.0108980486221 18854 0.00321461840341 31384 -0.0125276928804 0.0745235006192 0.0169128449456 
-0.0115370294446 18874 0.003403099808 31388 -0.0132622239674 0.0492147490712 0.0179044888581 
-0.0108980486221 18854 0.00321461840341 31378 -0.0125276928804 0.0829597511352 0.0169128449456 
-0.0134528202654 18868 0.00396212811615 31374 -0.0154684637929 0.0829597511352 0.0208794205958 
-0.0102581896334 18848 0.00302124467327 31388 -0.0117951798801 0.0604630830925 0.015921201033 
-0.00834141125417 18860 0.00245671460754 31390 -0.00959120953242 0.0604630830925 0.0129462692954 
-0.0134528202654 18866 0.00396212811615 31386 -0.0154684637929 0.0745235006192 0.0208794205958 
-0.00961926350697 18866 0.00283306798469 31382 -0.0110605230975 0.0548389160818 0.0149295571205 
-0.00962155058118 18876 0.00282908564099 31380 -0.0110595530951 0.0688993336085 0.0149295571205 
-0.0121778627306 18862 0.00358073434198 31378 -0.0139979225092 0.0688993336085 0.0188961327707 
-0.0140950968426 18872 0.00414447086771 31392 -0.0162016995698 0.0548389160818 0.0218710645083 
-0.00962155058118 18850 0.00282908564099 31390 -0.0110595530951 0.0688993336085 0.0149295571205 
-0.0108997066559 18868 0.00320490999149 31386 -0.0125287378022 0.0576509995872 0.0169128449456 
-0.0109052636641 18866 0.0032053625504 31376 -0.0125237853499 0.0576509995872 0.0169128449456 
-0.0121840713824 18856 0.00358123997029 31388 -0.0139923893067 0.0632751665979 0.0188961327707 
-0.0121840713824 18870 0.00358123997029 31382 -0.0139923893067 0.0745235006192 0.0188961327707 
-0.0115446675232 18866 0.00339330126035 31394 -0.0132580873283 0.0688993336085 0.0179044888581 
-0.00962645594583 18856 0.00282948513051 31382 -0.011055181393 0.0688993336085 0.0149295571205 
-0.0115446675232 18862 0.00339330126035 31388 -0.0132580873283 0.0745235006192 0.0179044888581 
-0.0153767199227 18858 0.00452142076968 31384 -0.0176675794575 0.0688993336085 0.0238543523334 
-0.00898449828821 18872 0.00264183111675 31386 -0.0103230297613 0.0632751665979 0.0139379132079 
-0.0128137371501 18858 0.00378019365604 31380 -0.0147323432478 0.0632751665979 0.0198877766832 
-0.0128137371501 18858 0.00378019365604 31380 -0.0147323432478 0.0632751665979 0.0198877766832 
-0.0102580639556 18858 0.00302624190226 31380 -0.0117940080619 0.0632751665979 0.015921201033 
-0.00898022735839 18872 0.00264926602538 31386 -0.010324840469 0.0604630830925 0.0139379132079 
-0.0102580639556 18870 0.00302624190226 31402 -0.0117940080619 0.0492147490712 0.015921201033 
-0.0134526554488 18862 0.00396868159448 31392 -0.0154669270443 0.0717114171139 0.0208794205958 
-0.0102580639556 18862 0.00302624190226 31392 -0.0117940080619 0.0717114171139 0.015921201033 
-0.0128137371501 18862 0.00378019365604 31392 -0.0147323432478 0.0717114171139 0.0198877766832 
-0.0115331188762 18868 0.00340633051393 31394 -0.0132647956142 0.0548389160818 0.0179044888581 
-0.0115331188762 18858 0.00340633051393 31390 -0.0132647956142 0.0913960016512 0.0179044888581 
-0.0153794544196 18860 0.00453825725223 31380 -0.0176608812949 0.0548389160818 0.0238543523334 
-0.0109041035494 18856 0.00321764515579 31382 -0.0125216456422 0.0801476676299 0.0169128449456 
-0.0134614469038 18856 0.00397228063947 31380 -0.0154583517294 0.0688993336085 0.0208794205958 
-0.00962543187217 18856 0.00284032741395 31380 -0.0110532925986 0.0688993336085 0.0149295571205 
-0.00962543187217 18858 0.00284032741395 31388 -0.0110532925986 0.0688993336085 0.0149295571205 
-0.011543439388 18862 0.00340630402671 31388 -0.013255822164 0.0688993336085 0.0179044888581 
-0.011543439388 18854 0.00340630402671 31390 -0.013255822164 0.0660872501032 0.0179044888581 
-0.0121736439697 18856 0.00359951820254 31384 -0.0139967744461 0.0660872501032 0.0188961327707 
-0.00897936075778 18862 0.00265502856623 31384 -0.0103241139226 0.0913960016512 0.0139379132079 
-0.0128125006121 18840 0.00378841612981 31388 -0.0147313065508 0.0745235006192 0.0198877766832 
-0.0102570740426 18858 0.00303282442076 31390 -0.011793178132 0.0604630830925 0.015921201033 
-0.0121801909093 18874 0.00359761722833 31388 -0.013991566509 0.0688993336085 0.0188961327707 
-0.00898418982396 18856 0.00265362639501 31380 -0.0103202725136 0.0632751665979 0.0139379132079 
-0.0134585913435 18856 0.00397521356166 31380 -0.0154600841072 0.0632751665979 0.0208794205958 
-0.0128193911264 18868 0.00378641539499 31390 -0.0147258253081 0.0857718346406 0.0198877766832 
-0.00961716182671 18868 0.00284729875141 31390 -0.011058696308 0.0857718346406 0.0149295571205 
-0.0115335214155 18868 0.00341466450471 31392 -0.0132623026413 0.0717114171139 0.0179044888581 
-0.0108947348859 18868 0.00322554258695 31392 -0.0125277671969 0.0942080851566 0.0169128449456 
-0.0140886675339 18868 0.00417115217578 31392 -0.016200444419 0.0942080851566 0.0218710645083 
-0.0121750017886 18852 0.00359523352584 31392 -0.0139966946465 0.0632751665979 0.0188961327707 
-0.0102582180919 18854 0.00302921430646 31380 -0.0117931108957 0.0773355841245 0.015921201033 
-0.0102582180919 18858 0.00302921430646 31398 -0.0117931108957 0.0688993336085 0.015921201033 
-0.0108971459908 18864 0.00321788737958 31390 -0.0125276388127 0.0829597511352 0.0169128449456 
-0.0115360738897 18864 0.00340656045271 31382 -0.0132621667296 0.0913960016512 0.0179044888581 
-0.0115360738897 18862 0.00340656045271 31398 -0.0132621667296 0.0576509995872 0.0179044888581 
-0.0121750017886 18862 0.00359523352584 31392 -0.0139966946465 0.0745235006192 0.0188961327707 
-0.0115408380379 18864 0.0034054592397 31390 -0.0132583040401 0.0688993336085 0.0179044888581 
-0.0102686630337 18864 0.00302707517171 31376 -0.0117845669305 0.0604630830925 0.015921201033 
0.0172037836344 18880 -0.00508835418029 31396 0.0198007443539 0.0688993336085 -0.0267194872064 
-0.253471625388 18868 0.165983494002 31450 -0.495929939119 0.0492147490712 0.581158231183 
-0.282447181982 18952 0.37196448861 31624 -1.39243871642 0.0267180810285 1.46867953291 
-0.174478512832 19026 0.632132097224 31928 -1.87284519969 0.0688993336085 1.98433436743 
0.00338602045592 19254 0.928153222631 32424 -2.46278320343 0.0548389160818 2.63187784233 
0.16692235668 19560 1.23660740905 33034 -3.01880057857 0.0829597511352 3.26652994635 
0.326940699146 19826 1.50548863285 33610 -3.46614587545 0.0632751665979 3.79309286392 
0.524744116502 20160 1.80377276839 34302 -3.91290386778 0.0913960016512 4.34048030364 
0.651977944919 20308 1.94089911294 34552 -4.10734354922 0.0970201686619 4.58938292569 
0.774674170204 20576 2.25224847702 35178 -4.59594904802 0.0801476676299 5.17643612191 
0.933230526053 20808 2.61313812196 35660 -5.06740772131 0.136389337737 5.77737233292 
1.09924226388 21000 2.92966973341 35926 -5.39698236577 0.0688993336085 6.23848675225 
1.38722333837 21360 3.39484094687 36500 -5.8200109939 0.119516836705 6.87908871975 
1.446747856 21504 3.57667493482 36744 -6.04301748452 0.0604630830925 7.16964038613 
1.61120097811 21624 3.80964420336 37018 -6.35096474804 0.0857718346406 7.57918932201 
1.80403930596 21864 4.02069438551 37320 -6.51775038458 0.0604630830925 7.86775770056 
1.99349982009 22072 4.27497349921 37662 -6.62606063076 -0.00702692103556 8.13351826912 
2.1249972149 22220 4.51132885547 37914 -6.89135240114 -0.0295235890783 8.50637638024 
2.30988697553 22448 4.74148969964 38244 -6.98342085064 0.0464026655658 8.75131242664 
2.59288808439 22816 5.13142230026 38770 -7.24384370111 -0.0267115055729 9.24812602682 
2.72845384967 22894 5.42906771536 39134 -7.42621391869 0.00984557999646 9.59520139621 
2.84798993702 22992 5.71070942788 39532 -7.65502621563 0.00140932948045 9.9660762195 
2.96669397603 23064 5.92338519539 39724 -7.91047563039 -0.0267115055729 10.3181098085 
2.97930231328 23134 5.89081839335 39830 -7.78367237102 -0.0407719230996 10.2060540463 
2.629416923 22768 5.25968914615 39152 -7.12247941333 -0.0295235890783 9.23622629987 
2.42780309929 22550 4.9875230266 38726 -6.95237827963 -0.0351477560889 8.89410915004 
2.24685633214 22378 4.7008740672 38320 -6.60944611881 -0.068892758153 8.4161367842 
2.05034834562 22164 4.30772458702 37704 -6.25255056315 -0.0323356725836 7.86478276882 
1.886305876 22016 4.12637862267 37408 -6.09713539592 -0.068892758153 7.60001384417 
1.60881719912 21794 3.63576298434 36622 -5.49061591114 -0.0210873385622 6.77893268459 
1.43065165045 21660 3.25304946926 36016 -4.96724849698 -0.0492081736156 6.10758975579 
1.22732906644 21498 2.9371967302 35438 -4.59983256878 -0.077329008669 5.5939182091 
1.1293217274 21380 2.75744795664 35132 -4.37152613472 -0.077329008669 5.29047517186 
1.03066350496 21286 2.51616642687 34830 -4.19239004632 -0.00421483753023 4.99694857374 
0.852112874465 21144 2.17853893327 34290 -3.82344792318 -0.0323356725836 4.48228538313 
0.743149453533 21060 1.96951139353 33974 -3.51430791905 -0.052020257121 4.09653590115 
0.697465681241 21018 1.77388279867 33618 -3.21269681506 -0.0351477560889 3.73557751699 
0.581510950564 20934 1.39833913217 33058 -2.81567686243 -0.0435840066049 3.19711487248 
0.494145897851 20860 1.26134687478 32852 -2.53339210888 -0.0154631715516 2.87284731307 
0.372196580048 20748 0.997181696537 32412 -2.13094911435 -0.0379598395943 2.38198357636 
0.246674127024 20574 0.768290762588 32096 -1.89290157844 -0.00140275402489 2.05771601696 
0.154287948215 20430 0.473913807411 31672 -1.23613170491 -0.0435840066049 1.33282431689 
0.0296211470969 20278 0.107785090383 31060 -0.319198846551 -0.0323356725836 0.33820547261 
-0.0161164880939 20130 0.0108166282382 30872 -0.0478322400791 -0.0379598395943 0.0516203818846 
-0.0144490201404 20076 0.00230501440129 30864 -0.0248208989535 -0.0126510880462 0.0288125718961 
-0.0084451530269 20070 0.000995109916955 30866 -0.0146196262181 -0.0463960901103 0.0169128449456 
-0.0102397167374 20026 0.000714192213435 30852 -0.0158651178472 -0.0295235890783 0.0188961327707 
-0.00835305661514 20068 0.00172684325037 30866 -0.0134435523545 -0.0238994220676 0.015921201033 
-0.0271388064094 20144 0.00940793427361 30726 -0.198297499056 0.00140932948045 0.200366968766 
0.0100863054445 20202 -0.000790814210508 30496 -0.0717349648212 -0.0210873385622 0.0724449040481 
0.324958403967 20458 -0.287800508772 29672 -0.765078294195 -0.00140275402489 0.879643048859 
0.901252295458 20922 -0.622865996138 29024 -1.61869854164 0.0351543315445 1.95458505006 
1.57389681342 21564 -1.10628122453 28202 -2.53364029339 0.0295301645338 3.18124856988 
1.90501704914 22070 -1.3788861369 27666 -2.96344511085 0.0576509995872 3.78317642479 
2.13451157948 22372 -1.64193245847 27332 -3.36224334994 0.0688993336085 4.30775605453 
2.49607920995 22886 -1.96428297017 26818 -4.033241444 0.0688993336085 5.13379543368 
2.82331828665 23254 -2.1612837742 26482 -4.42843473842 0.0660872501032 5.67919958557 
3.1329182238 23654 -2.44360764191 26014 -4.93755274525 0.0970201686619 6.3376511435 
3.38299790391 24022 -2.75354133274 25564 -5.52297790562 0.0745235006192 7.03775174576 
3.73355269894 24382 -2.96217262828 25248 -5.96956206646 0.0829597511352 7.63868795676 
4.03011961118 24692 -3.10363120874 25076 -6.23696451167 0.0520268325765 8.04823689264 
4.27797251188 25016 -3.3395467545 25104 -6.61315642254 0.0548389160818 8.55496693195 
4.48586028734 25100 -3.4931623558 25142 -6.86793990081 -0.974383646871 8.91592531612 
4.67677255837 25462 -3.73404058905 25140 -7.0909880764 -1.86862620157 9.27886698811 
5.01867077162 25904 -4.12434687534 24626 -7.5018183983 -1.84612953353 9.92343553127 
5.23835336572 26198 -4.3135779725 24374 -7.83060657162 -1.8826866191 10.3617421406 
5.30535779963 26224 -4.22261493157 24432 -7.65848004721 -1.91924370466 10.2288618563 
4.84480512376 25892 -3.86937858293 24800 -7.01469226833 -1.92486787168 9.36216507677 
4.48941427001 25522 -3.66652333443 25042 -6.48481755756 -1.89674703662 8.69776365536 
4.01830100783 24928 -3.13910644989 25688 -5.69692176616 -1.90799537064 7.64562946415 
3.47599527883 24290 -2.69891958693 26358 -4.9617497562 -1.91643162116 6.63216938553 
2.6614538138 23488 -2.35859623127 27094 -4.04860640368 -1.9923578758 5.3886479192 
2.09619675571 22834 -1.74908592047 28058 -3.05289049381 -1.98673370879 4.09554425724 
1.49634449351 22214 -1.31855457835 28790 -2.3666940302 -1.96142495724 3.09497554948 
1.01520693357 21598 -0.755828355517 29722 -1.66871759076 -1.9389282892 2.09440684173 
0.0219300859466 20376 -0.0349849965209 31012 -0.180838376588 -2.01485454385 0.185492310078 
-0.00339796126859 19944 0.000316635811383 31402 -0.00722236384515 -2.03172704488 0.00798804973267 
-0.000468344751011 19924 3.84202617985e-05 31396 -0.000935108527 -2.06265996344 0.00104654234486 
-0.00153183301372 19886 0.000116105133489 31436 -0.00261148962755 -2.04016329539 0.00302983016995 
-0.00157757715438 19888 0.000115054466398 31432 -0.00258416014412 -2.04016329539 0.00302983016995 
-0.00198430745055 19860 0.000188343626834 31432 -0.00349275026534 -2.11046538303 0.00402147408249 
-0.00210350279799 19858 0.000204015928141 31436 -0.00342138967031 -2.07672038096 0.00402147408249 
-0.0606713952601 19814 0.00527875533253 31440 -0.0845226003668 -2.07109621395 0.104177509249 
-0.183584986663 19606 0.0540255009614 31746 -0.0895262276241 -2.05984787993 0.211275051804 
-0.223958629935 19442 0.0783816707815 31932 0.0191410665861 -2.06265996344 0.238049437443 
-1.0670222444 18730 0.525083917483 32776 0.187486432127 -2.07109621395 1.20391060826 
-1.05314209171 18374 0.595903733341 33154 0.307618405683 -2.093592882 1.24853458433 
-2.10144309618 17602 0.499814833622 33230 0.900715142248 -2.10765329952 2.34033453204 
-2.96273987115 16674 0.567982797979 33404 1.48350313198 -2.11327746653 3.36172776196 
-4.05763429457 15330 0.665043210572 33860 2.11337742658 -2.22294872324 4.62309881871 
-5.00865320225 14160 0.645211579615 34022 2.74241996028 -2.16108288612 5.74663137163 
-5.55295742107 13552 0.643548484227 34124 3.16501356896 -2.24825747479 6.4239241639 
-6.17350864932 12770 0.754912780472 34402 3.67319469323 -2.25669372531 7.22318915741 
-6.8323069198 12060 0.831362947571 34638 4.20596825421 -2.28200247685 8.06608648307 
-6.98110254595 11766 0.930674933723 34762 4.42194382923 -2.29325081087 8.31598074903 
-6.7622528194 11800 0.994660344693 34744 4.23991974194 -2.29606289438 8.04327867308 
-6.91702666791 11762 1.04450396243 34784 4.35562882986 -2.29887497789 8.24061581168 
-6.74746620426 11758 1.0585202554 34814 4.25738790473 -2.2538816418 8.04823689264 
-6.28047789588 11908 1.02811951707 34684 3.9173388302 -2.30168706139 7.47308342337 
-5.79530975883 12282 0.961452565545 34504 3.50446369097 -2.27356622634 6.84041460716 
-5.30301032854 12746 0.905989368131 34292 3.15063589655 -2.23982122427 6.2345201766 
-4.91440364662 13336 0.935546541594 34198 2.98196710421 -2.19763997169 5.82397959681 
-4.28847236075 14024 0.874456322671 33990 2.47426615615 -2.21170038922 5.02768953503 
-3.50413381866 14930 0.862674334888 33756 1.86852998802 -2.10484121602 4.06381165204 
-2.7727944918 15768 0.798816286007 33464 1.36736947933 -2.10765329952 3.19314829683 
-2.15049262351 16474 0.668147313516 33180 0.927781472162 -2.07109621395 2.43553234764 
-1.20128044276 17456 0.40727300673 32662 0.434378388456 -2.01485454385 1.34075746819 
-0.447210371155 18116 0.112445548571 32234 0.00600184860433 -2.00360620982 0.461169317766 
-0.098012718984 18592 0.0179877341242 31858 -0.0802997598731 -1.97267329127 0.127976963151 
-0.00208320793284 18780 0.000751410430855 31726 -0.00206772772184 -1.93330412219 0.00302983016995 
-0.0013974086963 18792 0.000503598166066 31714 -0.00139565075951 -1.98110954178 0.0020381862574 
-0.000711344954519 18794 0.000246553694669 31698 -0.000726946016502 -1.96704912426 0.00104654234486 
-3.70554675562e-05 18798 1.28128980412e-05 31706 -3.84260307409e-05 -1.9923578758 5.48984323139e-05 
-0.000704118227355 18818 0.000240312393391 31694 -0.000736015186713 -1.9895457923 0.00104654234486 
-0.00402122620157 18812 0.00138106888245 31698 -0.0042402304353 -1.95298870673 0.00600476190758 
0.00062504495616 18822 -0.000215711684675 31690 0.00066353550516 -1.9923578758 -0.000936745480232 
-0.000696620808194 18822 0.000240958019511 31702 -0.000742906159625 -1.97267329127 0.00104654234486 
-0.00135725611895 18820 0.000469060573249 31708 -0.00144638902999 -1.99798204281 0.0020381862574 
0.00128422003761 18820 -0.000444019224001 31686 0.00136832433066 -1.99798204281 -0.00192838939277 
0.000623333116655 18824 -0.000215195707276 31690 0.000665311000951 -1.97548537477 -0.000936745480232 
-0.00201524869166 18844 0.000693537051187 31708 -0.00215352035702 -1.94736453972 0.00302983016995 
0.00127848328671 18832 -0.000443162509372 31692 0.00137396256355 -1.99516995931 -0.00192838939277 
-0.00331867024918 18826 0.00115145361606 31684 -0.00357658138163 -1.97548537477 0.00501311799504 
-0.00528026823937 18834 0.00183534944965 31692 -0.0057060667933 -1.98110954178 0.00798804973267 
-0.00134748859659 18832 0.000468149535664 31686 -0.00145578628727 -1.97829745828 0.0020381862574 
0.00127433619028 18836 -0.000442378154501 31680 0.00137806186099 -1.96704912426 -0.00192838939277 
-0.00265406906656 18854 0.000930314708181 31672 -0.00287448877712 -1.98392162529 0.00402147408249 

 
