-0.00794758403587 18970 0.0026474210627 31664 -0.00852878289991 -1.97548537477 0.0119546253828 
-0.00794758403587 18966 0.0026474210627 31672 -0.00852878289991 -2.00079412632 0.0119546253828 
-0.0112557828852 18978 0.00372828205864 31670 -0.0120603312013 -1.9923578758 0.0169128449456 
-0.00927591575792 18968 0.00307248555257 31666 -0.00993894581801 -1.9895457923 0.0139379132079 
-0.00993587146702 18976 0.00329108438793 31668 -0.0106460742791 -1.96423704075 0.0149295571205 
-0.0072960486306 18966 0.00241668904649 31666 -0.00781756043474 -1.96423704075 0.0109629814703 
-0.0072885003458 18978 0.00242442278049 31650 -0.00782220554632 -1.98392162529 0.0109629814703 
-0.00465140859514 18966 0.00154722925491 31658 -0.004992011029 -1.98392162529 0.00699640582013 
-0.00860704622113 18962 0.00286301954328 31652 -0.00923730280499 -1.96142495724 0.0129462692954 
-0.0105848650341 18966 0.00352091468746 31652 -0.011359948693 -2.00079412632 0.015921201033 
-0.00794777328347 18964 0.00264372116188 31662 -0.00852975417565 -2.00079412632 0.0119546253828 
-0.0105848650341 18970 0.00352091468746 31670 -0.011359948693 -1.9895457923 0.015921201033 
-0.00596995447047 18970 0.0019858260177 31670 -0.00640710828766 -1.9895457923 0.00897969364522 
-0.0072885003458 18962 0.00242442278049 31654 -0.00782220554632 -1.99516995931 0.0109629814703 
-0.00662922740814 18960 0.00220512439909 31658 -0.007114656917 -1.94174037271 0.00997133755776 
-0.00926631915879 18968 0.00308231792467 31656 -0.00994485143431 -1.99516995931 0.0139379132079 
-0.0086031831213 18966 0.00286584554601 31662 -0.00924002479199 -1.99516995931 0.0129462692954 
-0.00992113719379 18954 0.00330487523482 31654 -0.0106555390421 -1.97829745828 0.0149295571205 
-0.00596727497631 18964 0.0019877861684 31654 -0.00640899629176 -1.99516995931 0.00897969364522 
-0.00794420608505 18962 0.00264633070161 31660 -0.00853226766693 -1.99516995931 0.0119546253828 
-0.01058011423 18974 0.00352439007923 31656 -0.0113632961672 -1.99516995931 0.015921201033 
-0.0086031831213 18964 0.00286584554601 31668 -0.00924002479199 -1.9923578758 0.0129462692954 
-0.0105955763878 18970 0.0035146121375 31664 -0.0113519119477 -1.9923578758 0.015921201033 
-0.00795581603225 18960 0.0026389888164 31650 -0.00852371968874 -1.98110954178 0.0119546253828 
-0.00795581603225 18960 0.0026389888164 31650 -0.00852371968874 -1.98110954178 0.0119546253828 
-0.00795581603225 18960 0.0026389888164 31650 -0.00852371968874 -1.98110954178 0.0119546253828 
-0.00794626846116 18976 0.00264272948107 31670 -0.00853146332567 -1.96142495724 0.0119546253828 
-0.00794626846116 18972 0.00264272948107 31664 -0.00853146332567 -1.95580079023 0.0119546253828 
-0.00728712034948 18972 0.00242351336024 31664 -0.00782377292124 -1.99516995931 0.0109629814703 
-0.00728712034948 18966 0.00242351336024 31664 -0.00782377292124 -1.96704912426 0.0109629814703 
-0.00530967601444 18970 0.00176586499775 31652 -0.00570070170795 -2.02610287787 0.00798804973267 
-0.00794626846116 18958 0.00264272948107 31668 -0.00853146332567 -1.95017662322 0.0119546253828 
-0.00531181473741 18970 0.00176688837201 31662 -0.00569839172118 -1.96423704075 0.00798804973267 
-0.00531181473741 18972 0.00176688837201 31666 -0.00569839172118 -1.96423704075 0.00798804973267 
-0.00729005558161 18960 0.00242491786239 31664 -0.00782060264276 -2.00079412632 0.0109629814703 
-0.00860888281109 18980 0.00286360418931 31652 -0.00923540992381 -2.00079412632 0.0129462692954 
-0.00991986375643 18972 0.00330135844107 31672 -0.0106578145654 -1.99516995931 0.0149295571205 
-0.0125554335668 18972 0.0041784834555 31664 -0.0134894476406 -1.99516995931 0.0188961327707 
-0.00794318639863 18972 0.00264351468024 31664 -0.00853408975909 -1.99516995931 0.0119546253828 
-0.00926097130383 18978 0.00308207718746 31664 -0.00994990629666 -1.9923578758 0.0139379132079 
-0.00728429394603 18964 0.00242423342663 31668 -0.00782618149031 -1.94455245621 0.0109629814703 
-0.00728429394603 18978 0.00242423342663 31664 -0.00782618149031 -1.94455245621 0.0109629814703 
-0.00729086469266 18970 0.0024224057602 31666 -0.00782062689843 -1.96423704075 0.0109629814703 
-0.00795035149461 18966 0.00264152169434 31648 -0.00852803273298 -1.97548537477 0.0119546253828 
-0.00729086469266 18976 0.0024224057602 31664 -0.00782062689843 -1.97548537477 0.0109629814703 
-0.00795035149461 18974 0.00264152169434 31654 -0.00852803273298 -1.97829745828 0.0119546253828 
-0.00728538886912 18962 0.00242343263372 31652 -0.00782541027766 -1.99516995931 0.0109629814703 
-0.00860337185435 18974 0.00286185027133 31668 -0.00924108729691 -1.97829745828 0.0129462692954 
-0.01255732081 18968 0.00417710318416 31664 -0.0134881183547 -1.97829745828 0.0188961327707 
-0.0105803463322 18974 0.00351947672775 31656 -0.0113646028258 -1.97829745828 0.015921201033 
-0.00464942289868 18972 0.0015465973585 31672 -0.00499405623915 -1.97267329127 0.00699640582013 
-0.00662639737651 18972 0.00220422381492 31672 -0.00711757176804 -1.9895457923 0.00997133755776 
-0.00531500511261 18976 0.0017667237239 31660 -0.0056954671861 -1.9895457923 0.00798804973267 
-0.00795424379612 18970 0.00264401461946 31666 -0.0085236295302 -1.98110954178 0.0119546253828 
-0.00927386313788 18974 0.00308266006724 31662 -0.00993771070225 -1.99798204281 0.0139379132079 
-0.00795424379612 18966 0.00264401461946 31658 -0.0085236295302 -1.97548537477 0.0119546253828 
-0.00662242548678 18980 0.00220712803246 31662 -0.00712036791263 -2.00641829333 0.00997133755776 
-0.00859821495801 18972 0.00286562095728 31660 -0.00924471766653 -1.9389282892 0.0129462692954 
-0.00596382899637 18942 0.00198763039085 31664 -0.006412251328 -1.9389282892 0.00897969364522 
-0.0079396184676 18964 0.00264612331567 31668 -0.0085366010819 -1.99516995931 0.0119546253828 
-0.00859821495801 18968 0.00286562095728 31676 -0.00924471766653 -1.99516995931 0.0129462692954 
-0.00530523250596 18962 0.00176813274924 31676 -0.00570413474336 -1.95580079023 0.00798804973267 
-0.00794966027889 18966 0.00264380887876 31672 -0.0085279683458 -1.96704912426 0.0119546253828 
-0.00926851920921 18964 0.0030824201939 31670 -0.00994276933298 -1.96423704075 0.0139379132079 
-0.00992386203206 18968 0.00330327187298 31678 -0.0106534986326 -1.96423704075 0.0149295571205 
-0.0079463879596 18960 0.00264504683297 31656 -0.00853063383877 -1.95580079023 0.0119546253828 
-0.00860554598376 18970 0.00286445517964 31670 -0.00923825543672 -1.9895457923 0.0129462692954 
-0.00596891388714 18970 0.00198682179296 31670 -0.0064077690449 -1.9895457923 0.00897969364522 
-0.00596891388714 18970 0.00198682179296 31670 -0.0064077690449 -1.9895457923 0.00897969364522 
-0.00794658185486 18972 0.0026478415018 31664 -0.00852958617106 -1.9923578758 0.0119546253828 
-0.00860575596276 18958 0.00286748166806 31672 -0.0092371208643 -1.97267329127 0.0129462692954 
-0.00860575596276 18974 0.00286748166806 31664 -0.0092371208643 -1.97267329127 0.0129462692954 
-0.00860575596276 18968 0.00286748166806 31672 -0.0092371208643 -1.97267329127 0.0129462692954 
-0.00926493007065 18970 0.00308712183432 31672 -0.00994465555754 -1.97267329127 0.0139379132079 
-0.0138645711288 18970 0.00462958686281 31674 -0.0149094197509 -1.9895457923 0.0208794205958 
-0.00530430828723 18970 0.00177118756396 31672 -0.00570404652321 -1.96704912426 0.00798804973267 
-0.00793823531539 18970 0.00265069504053 31672 -0.00853646905482 -1.96704912426 0.0119546253828 
-0.00793823531539 18970 0.00265069504053 31672 -0.00853646905482 -1.97829745828 0.0119546253828 
-0.0105721623436 18982 0.0035302025171 31666 -0.0113688915864 -1.97829745828 0.015921201033 
-0.0118891258576 18974 0.00396995625538 31666 -0.0127851028522 -1.97267329127 0.0179044888581 
-0.00794519395656 18970 0.00264592024151 31670 -0.0085314750842 -1.96986120776 0.0119546253828 
-0.00992237089905 18972 0.00330436263093 31670 -0.0106545492236 -1.96986120776 0.0149295571205 
-0.00925878998574 18986 0.00308574860563 31674 -0.0099507983667 -1.98673370879 0.0139379132079 
-0.00925878998574 18986 0.00308574860563 31674 -0.0099507983667 -1.98673370879 0.0139379132079 
-0.00728257821216 18966 0.0024271212111 31672 -0.00782688315542 -1.9923578758 0.0109629814703 
-0.00728257821216 18980 0.0024271212111 31674 -0.00782688315542 -1.9923578758 0.0109629814703 
-0.00728257821216 18970 0.0024271212111 31678 -0.00782688315542 -1.95580079023 0.0109629814703 
-0.00860005272788 18984 0.00286620614079 31684 -0.00924282662961 -1.95580079023 0.0129462692954 
-0.0099175272436 18982 0.00330529107047 31666 -0.0106587701038 -2.02610287787 0.0149295571205 
-0.00531478652059 18974 0.00176331361594 31682 -0.00569672782078 -1.98110954178 0.00798804973267 
-0.00597456905525 18976 0.00198221300586 31664 -0.00640392490317 -1.98110954178 0.00897969364522 
-0.00729413412457 18982 0.00242001178571 31688 -0.00781831906794 -1.97267329127 0.0109629814703 
-0.00795391665923 18984 0.00263891117563 31664 -0.00852551615032 -1.9389282892 0.0119546253828 
-0.00729413412457 18990 0.00242001178571 31674 -0.00781831906794 -1.98673370879 0.0109629814703 
-0.00860929404384 18974 0.00285910732203 31678 -0.00923641976399 -1.97267329127 0.0129462692954 
-0.00531206847442 18984 0.00176411373488 31670 -0.00569901480829 -1.9923578758 0.00798804973267 
-0.0105876293855 18982 0.00351610347433 31690 -0.0113588627374 -1.96423704075 0.015921201033 
-0.00794984892995 18982 0.0026401086046 31662 -0.00852893877285 -1.96423704075 0.0119546253828 
-0.00926873915772 18978 0.00307810603947 31676 -0.00994390075513 -1.93049203869 0.0139379132079 
-0.0072853919872 18968 0.0024264104667 31666 -0.00782448455543 -1.93049203869 0.0109629814703 
-0.00794438376185 18974 0.00264588864198 31652 -0.00853223932992 -1.96704912426 0.0119546253828 
-0.00596981069498 18970 0.00198616565279 31666 -0.00640713697589 -1.97548537477 0.00897969364522 
-0.00794865559051 18978 0.00264098226944 31670 -0.00852978047785 -1.96423704075 0.0119546253828 
-0.00992323439379 18948 0.00330150649318 31670 -0.010654630442 -1.99798204281 0.0149295571205 
-0.00992434046603 18970 0.00330214227142 31674 -0.0106534031439 -1.96704912426 0.0149295571205 
-0.089835865984 18954 0.0388051044521 31670 -0.116016213627 -1.96704912426 0.151776417052 
-0.16732239947 19144 0.477407638126 31826 -0.848351419164 -1.95017662322 0.987732235327 
0.0609058553653 19372 0.976594386275 32362 -1.46080806938 -1.97829745828 1.75823955537 
0.139424934154 19462 0.91432141188 32376 -1.25121516469 -1.96704912426 1.55594419721 
0.309034233831 19818 1.45445965742 33102 -1.84562791497 -1.95017662322 2.37008384941 
0.458944355747 20068 1.72035845752 33540 -2.17566362631 -1.95861287374 2.8113653905 
0.557439627836 20368 2.13467025508 34202 -2.73181942699 -1.89955912013 3.51146599275 
0.724558230609 20620 2.4380834972 34754 -3.04512562857 -1.8854987026 3.96762219252 
0.919846657666 20972 2.88403616163 35624 -3.68488034287 -1.91361953765 4.76887047386 
1.016193428 21082 3.06994362428 36014 -3.94637075885 -1.92486787168 5.10206282847 
1.18235943574 21322 3.29563845989 36538 -4.29377302776 -1.88831078611 5.54036943782 
1.3373492089 21530 3.5752499654 37052 -4.59890651328 -1.8826866191 5.97669275934 
1.4482930806 21718 3.81979240332 37490 -4.75419988776 -1.91924370466 6.26823606963 
1.55219009032 21926 4.19201136437 38192 -5.21436975128 -1.93330412219 6.86818063672 
1.70550677841 22062 4.62233965664 38336 -5.58193280344 -1.94455245621 7.44531739382 
1.84664375851 22204 4.97587570093 38754 -5.83880055442 -1.90237120363 7.89056551055 
1.84879806544 22250 5.23836892001 39228 -6.12032582062 -1.91361953765 8.26540690949 
1.97669109602 22380 5.68658459459 39790 -6.43589870966 -1.94736453972 8.81279434922 
2.07567960908 22452 6.12134414209 40318 -6.86434967266 -1.94736453972 9.42860521891 
1.99662887558 22330 6.40544437541 40548 -7.19534798742 -1.97829745828 9.83815415479 
2.01474639647 22320 6.72933197117 40944 -7.47772279206 -1.96986120776 10.2596028176 
2.14706139766 22416 7.14206937707 41342 -7.81165957843 -1.99516995931 10.80004875 
2.14212471837 22384 7.27433913749 41406 -7.65934654105 -1.98392162529 10.7782325839 
1.90511421545 22076 6.75593821616 40932 -7.19427745975 -2.05703579643 10.051357596 
1.70511164307 21950 6.21004793029 40198 -6.75165676665 -2.00360620982 9.33043247156 
1.48961401069 21754 5.6930218206 39422 -6.3156486303 -1.97829745828 8.63231515713 
1.28471803604 21634 5.13761442284 38536 -5.80651980486 -2.0457874624 7.85883290535 
1.11724042193 21526 4.59434711275 37586 -5.37241146179 -2.00360620982 7.15674901527 
1.05729926997 21518 4.28089189825 37076 -4.99901083777 -2.0429753789 6.66588527856 
0.918988108711 21424 3.97915276077 36576 -4.70023298849 -2.02329079436 6.2265870253 
0.753199269776 21300 3.61581252336 35882 -4.36363736786 -1.97829745828 5.71688205425 
0.66910337083 21236 3.36200058492 35434 -4.06996239317 -2.00641829333 5.32121613315 
0.557830009095 21150 3.10806290564 35028 -3.78406273051 -2.00360620982 4.92852514378 
0.418429635461 21050 2.68948731103 34298 -3.3196995832 -1.96142495724 4.29288139584 
0.359126799554 21002 2.4842336969 33942 -3.07272464494 -2.03453912838 3.96762219252 
0.314861404124 20924 2.11216129574 33280 -2.66909723217 -1.9895457923 3.41825146497 
0.201905115744 20842 1.69534057028 32622 -2.22482538442 -2.03172704488 2.80442388311 
0.152677983532 20778 1.09197048673 31570 -1.56684543263 -1.99516995931 1.91591093747 
0.00940702085664 20532 0.31274044129 30300 -0.554508295776 -2.03453912838 0.636690290286 
0.0757173299965 20488 0.0982037926792 30072 -0.591098874919 -2.00079412632 0.603966041172 
0.393050832007 20734 -0.111562461403 29524 -0.916665089329 -2.03735121189 1.00359853793 
0.914985082655 21186 -0.591039109116 28650 -1.8385992536 -1.92205578817 2.13704752997 
1.94432823889 22146 -1.32524059637 27470 -3.01539631399 -1.95580079023 3.82482546912 
2.4996447253 22824 -1.81250064796 26736 -3.50721620523 -1.94736453972 4.67268101434 
2.94753928808 23448 -2.19465798474 26140 -4.1501994259 -1.80113619744 5.54334436956 
3.29909344195 24004 -2.50641999186 25702 -4.679868847 -1.89674703662 6.2503864792 
3.45062771601 24236 -2.67113202669 25496 -4.92835430689 -1.9361162057 6.5825871899 
3.60545754464 24478 -2.7933185296 25320 -5.23159328764 -1.87425036858 6.94057064233 
3.74955966079 24710 -2.97011336371 25110 -5.4242696449 -1.91924370466 7.23211395262 
4.24899460478 25518 -3.49642638063 24422 -5.96667597629 -1.88831078611 8.11666032261 
4.64668315871 26084 -3.96788202869 23940 -6.38491694249 -1.87425036858 8.83758544703 
4.78569829052 26338 -4.21542669253 23662 -6.64526449509 -1.88831078611 9.21044355815 
5.05121342645 26620 -4.44417652749 23444 -7.06888656485 -1.88831078611 9.75882264178 
5.29677526752 26854 -4.56911123993 23314 -7.34298221759 -1.832069116 10.141597192 
5.48520656333 27058 -4.73213276107 23154 -7.72422949007 -1.89955912013 10.5898202405 
5.71697211036 27228 -4.72769919104 23172 -8.17735737254 -1.84331745002 11.0410182207 
5.72600017778 27270 -4.68918964956 23212 -8.29846652843 -1.88831078611 11.1193580898 
5.47970729613 27070 -4.49910841326 23376 -7.97122773218 -1.85175370054 10.6681601096 
5.10633092685 26724 -4.32294191632 23592 -7.46390953484 -1.92767995518 10.0235915664 
4.84081290036 26450 -4.16386638681 23772 -7.12492573096 -1.91924370466 9.56743536666 
4.40725758381 25888 -3.95518407577 24062 -6.710341071 -1.91361953765 8.94964120915 
4.05139009025 25440 -3.73191803193 24364 -6.61942573761 -1.91361953765 8.61149063497 
3.65278907767 24936 -3.52449248252 24672 -6.15474280482 -1.89393495312 7.97783017485 
3.27561603634 24474 -3.31565425704 24978 -5.5610301018 -1.9923578758 7.25591340652 
2.84244807719 23868 -2.93814163938 25594 -5.01425544329 -1.94455245621 6.46953978387 
2.327192729 23204 -2.48423155156 26448 -4.31841331581 -2.02891496137 5.49872039349 
1.81600352328 22584 -1.89262370935 27462 -3.45830536022 -2.00079412632 4.34048030364 
1.30351091887 21986 -1.35491809269 28442 -2.54650763684 -2.00360620982 3.16538226727 
0.684607804508 21196 -0.729910538899 29656 -1.49246155372 -2.10484121602 1.79691366796 
0.0362771064988 20264 -0.130521331115 30878 -0.570246128881 -2.05703579643 0.586116450746 
-0.063472896549 19884 -0.00365480273551 31312 -0.126815169273 -2.07109621395 0.141859977926 
-0.000887766606008 19862 5.32652354857e-05 31360 -0.00183391288992 -2.11046538303 0.0020381862574 
-0.00427747884999 19826 0.000534748010794 31404 -0.00672503961211 -2.05703579643 0.00798804973267 
-0.00146700029348 19812 0.000148756941428 31408 -0.00264681929304 -2.06547204694 0.00302983016995 
-0.00370959899913 19796 0.000561474449601 31430 -0.00590536333412 -2.06265996344 0.00699640582013 
-0.288657098401 19512 0.0184265163991 31678 -0.163497195199 -2.05703579643 0.332255609135 
-0.956878046397 18816 0.248559581599 32432 0.0133209645644 -2.06828413045 0.988723879239 
-1.98885709097 17792 0.374821843071 33012 0.469217934077 -2.0964049655 2.07754889521 
-3.09719609298 16540 0.339857683548 33140 0.960861901328 -2.16670705313 3.26058008288 
-3.62221888641 15842 0.372009491153 33314 1.2795054913 -2.2004520552 3.85953300606 
-4.15757872926 15200 0.370998671032 33472 1.58089619062 -2.23138497376 4.4634441488 
-4.57087735418 14738 0.368608926726 33552 1.82483937291 -2.21451247273 4.93546665117 
-5.24220556402 13942 0.324120279801 33608 2.21205738907 -2.25669372531 5.69903246383 
-5.55079139835 13550 0.36068927931 33762 2.44431139795 -2.28200247685 6.07585715059 
-5.75118484797 13288 0.365480602068 33820 2.61592698016 -2.3073112284 6.32872634829 
-5.60907144831 13302 0.352053958672 33780 2.5003817055 -2.24825747479 6.15122208795 
-5.81939801027 13180 0.384758356291 33860 2.66946865476 -2.25950580881 6.41400772477 
-5.90490363158 13066 0.441639978948 33932 2.69833442605 -2.27637830984 6.50722225255 
-5.12837390632 13308 0.434043560502 33800 2.22184202784 -2.27919039335 5.60581793605 
-4.37604021522 13866 0.447177984472 33478 1.69012306466 -2.20888830571 4.71234677084 
-3.63900142925 14606 0.393717436371 33160 1.30024187061 -2.18076747066 3.88432410387 
-2.91625710451 15408 0.320563685857 32882 0.937925861255 -2.12452580055 3.0801008908 
-1.91948077523 16504 0.272990690201 32558 0.479562598949 -2.0457874624 1.9972257383 
-0.118016123205 18518 0.0259813055844 31960 -0.0421339473719 -2.02610287787 0.127976963151 
-0.000610826219427 18876 0.000205917317327 31686 -0.000824463624224 -2.02329079436 0.00104654234486 
-0.00712843016338 18860 0.00194735016378 31682 -0.00809816482073 -2.08234454797 0.0109629814703 
-0.00454926041461 18866 0.00127074748358 31682 -0.00516131038719 -2.05141162942 0.00699640582013 
-0.00454343936165 18876 0.0012975691911 31684 -0.0051597642738 -2.05703579643 0.00699640582013 
-0.00520240876812 18868 0.00141378449692 31678 -0.00589449700461 -2.06547204694 0.00798804973267 
-0.00455164152142 18878 0.00127292153659 31678 -0.00515867469628 -2.04859954591 0.00699640582013 
-0.00717693670636 18878 0.00189053478192 31666 -0.00806873103217 -2.01204246034 0.0109629814703 
-0.00328985272528 18874 0.000875871820029 31676 -0.00367981923918 -1.98392162529 0.00501311799504 
-0.00589284033565 18888 0.00153935637798 31670 -0.00659846290299 -2.00923037684 0.00897969364522 
-0.00588348502402 18888 0.00156463172403 31650 -0.00660086581459 -2.0457874624 0.00897969364522 
-0.099428794818 18960 0.104474503672 31682 -0.179311176427 -2.01766662735 0.230116286143 
0.00764915270522 19338 0.95284843207 32434 -0.646247780605 -2.0429753789 1.1513534809 
-0.105936598532 19418 1.91432142754 33764 -1.10999650317 -2.03735121189 2.21538739906 
-0.165015766806 19500 2.54827912388 34898 -1.3546851632 -2.02329079436 2.8906969035 
-0.14958921452 19568 3.00218388698 35804 -1.56411693294 -2.01204246034 3.3885021476 
-0.159619966758 19570 2.90209758526 35758 -1.49949944058 -2.03735121189 3.270496522 
-0.236421415839 19540 1.76744693528 34700 -1.09664189029 -2.03735121189 2.09341519781 
-0.0685129692987 19578 0.239258208314 32434 -0.22606822053 -2.03172704488 0.336222184785 
-0.0611845437312 19506 0.0261485586274 32080 -0.124163569608 -2.00360620982 0.140868334014 
-0.0409059374508 19608 -0.151052937466 31194 -0.285199893337 -1.97267329127 0.325314101747 
0.631215641591 20402 -1.36294037349 28638 -1.21321612685 -1.9389282892 1.93078559616 
0.958559546542 20850 -2.17671436151 27160 -1.52483006778 -1.96704912426 2.82524840527 
1.0965378165 21100 -2.99871317551 25694 -1.8908357826 -2.01485454385 3.71078641917 
1.25701942372 21270 -3.61018836843 24768 -2.58930619814 -1.96704912426 4.61714895524 
1.5552649654 21548 -4.21481028927 24046 -3.45630636238 -1.96142495724 5.66829150254 
1.97294903315 22102 -5.01337147041 22982 -4.27731694249 -1.94736453972 6.87908871975 
2.30227179181 22520 -5.63939367132 22090 -4.96725533486 -1.95298870673 7.85982454926 
2.60441708697 23010 -6.46136169581 21146 -5.75928241561 -1.95017662322 9.03888916128 
2.32424615893 22746 -5.63896214375 21760 -4.94334023532 -1.93330412219 7.85089975405 
1.81282561053 21966 -4.3136172259 23550 -3.940844044 -2.02891496137 6.11750619492 
1.30744339151 21306 -3.26602024531 25206 -3.06326233956 -1.9895457923 4.66474786304 
0.853108058479 20660 -2.13232394139 27036 -2.03451705114 -2.00923037684 3.06820116385 
0.252874468032 19858 -0.62352883227 29530 -0.704023155239 -2.01766662735 0.973849220551 
-0.0906940558138 19164 0.00705786801132 31384 -0.185179399517 -2.02610287787 0.206316832242 
-0.00100563158293 19146 0.000104160366606 31390 -0.00176976240137 -2.00079412632 0.0020381862574 
-0.00149165962228 19156 3.86025986145e-05 31380 -0.00263691719046 -1.96704912426 0.00302983016995 

 
