-0.00803050403845 19112 0.0012482627133 31426 -0.0136907811107 -2.01485454385 0.015921201033 
-0.00803050403845 19112 0.0012482627133 31426 -0.0136907811107 -2.01485454385 0.015921201033 
-0.00402909714565 19112 0.000626283445113 31418 -0.00686899437828 -1.99516995931 0.00798804973267 
-0.00703015231525 19114 0.00109276789625 31420 -0.0119853344276 -2.0429753789 0.0139379132079 
-0.00703015231525 19118 0.00109276789625 31428 -0.0119853344276 -2.02047871086 0.0139379132079 
-0.00552962473045 19120 0.000859525670683 31420 -0.00942716440294 -2.02047871086 0.0109629814703 
-0.00402746503073 19128 0.00062604218825 31430 -0.0068699734451 -2.01204246034 0.00798804973267 
-0.00452743828006 19116 0.000703759646923 31426 -0.00772281832892 -1.98673370879 0.00897969364522 
-0.0050274115294 19106 0.000781477105596 31424 -0.00857566321274 -1.97829745828 0.00997133755776 
-0.00252754528272 19118 0.000392889812232 31422 -0.00431143879365 -2.00641829333 0.00501311799504 
-0.00252856959032 19122 0.000393041277133 31430 -0.00431082433109 -1.97548537477 0.00501311799504 
-0.0040290971926 19116 0.000626283536881 31426 -0.00686899434238 -1.97548537477 0.00798804973267 
-0.00652997652974 19124 0.00101502063646 31430 -0.0111326110279 -1.99516995931 0.0129462692954 
-0.00552962479488 19120 0.000859525796629 31416 -0.00942716435366 -1.97267329127 0.0109629814703 
-0.00452927306003 19116 0.000704030956797 31428 -0.00772171767947 -2.03735121189 0.00897969364522 
-0.00453452468061 19122 0.000698691694917 31430 -0.0077191200145 -2.02610287787 0.00897969364522 
-0.00403376886717 19116 0.000621533899408 31432 -0.00686668354228 -1.99516995931 0.00798804973267 
-0.00753905956129 19112 0.00116163846797 31432 -0.0128337388478 -1.99516995931 0.0149295571205 
-0.0060290461611 19120 0.000935798494616 31426 -0.0102804645619 -2.00079412632 0.0119546253828 
-0.00702927272323 19114 0.00109104867617 31430 -0.0119860069398 -2.02610287787 0.0139379132079 
-0.0060290461611 19114 0.000935798494616 31430 -0.0102804645619 -2.02610287787 0.0119546253828 
-0.00902972584748 19130 0.00140154903928 31428 -0.0153970916955 -1.98392162529 0.0179044888581 
-0.00652915944216 19122 0.00101342358539 31438 -0.0111332357509 -2.00360620982 0.0129462692954 
-0.00552893288003 19112 0.000858173403839 31432 -0.009427693373 -1.9895457923 0.0109629814703 
-0.00403195716438 19118 0.000621621813409 31426 -0.00686773953185 -1.9895457923 0.00798804973267 
-0.00553354988532 19118 0.000853127941113 31426 -0.0094254422231 -1.9923578758 0.0109629814703 
-0.00553354988532 19116 0.000853127941113 31428 -0.0094254422231 -2.00079412632 0.0109629814703 
-0.00303089535042 19114 0.00046728439494 31426 -0.00516260440435 -2.00079412632 0.00600476190758 
-0.00453248807136 19120 0.000698790522644 31422 -0.0077203070956 -2.00079412632 0.00897969364522 
-0.00353302855555 19110 0.000545642222296 31424 -0.00601412322711 -1.97267329127 0.00699640582013 
-0.00403378656616 19116 0.000622979472604 31420 -0.0068665421463 -1.97267329127 0.00798804973267 
-0.00653757661925 19116 0.00100966572414 31424 -0.0111286367423 -2.02891496137 0.0129462692954 
-0.00303227054493 19118 0.000468304971988 31432 -0.00516170430791 -2.02891496137 0.00600476190758 
-0.00303227054493 19112 0.000468304971988 31426 -0.00516170430791 -2.01485454385 0.00600476190758 
-0.00603559233533 19124 0.000931060423556 31424 -0.0102770530647 -2.01485454385 0.0119546253828 
-0.00603559233533 19112 0.000931060423556 31430 -0.0102770530647 -2.00641829333 0.0119546253828 
-0.00403296717352 19112 0.00062213216469 31420 -0.00686710025255 -2.00641829333 0.00798804973267 
-0.00703690491623 19120 0.00108552455299 31420 -0.0119820294707 -2.00079412632 0.0139379132079 
-0.0035251866827 19108 0.000546380508358 31436 -0.00601865612841 -1.99798204281 0.00699640582013 
-0.00452447974956 19118 0.000701264292683 31424 -0.00772477891914 -1.99798204281 0.00897969364522 
-0.00402483321613 19118 0.00062382240052 31424 -0.00687171752378 -2.02610287787 0.00798804973267 
-0.00602341934984 19100 0.000933589969169 31424 -0.0102839631052 -2.00360620982 0.0119546253828 
-0.00752522027742 19114 0.00117686774818 31432 -0.0128404718719 -1.98392162529 0.0149295571205 
-0.00552587392885 19114 0.000864190358238 31402 -0.00942893711218 -1.98392162529 0.0109629814703 
-0.00752522027742 19120 0.00117686774818 31424 -0.0128404718719 -1.98392162529 0.0149295571205 
-0.00652554710313 19118 0.00102052905321 31430 -0.011134704492 -1.9923578758 0.0129462692954 
-0.00452620075456 19118 0.000707851663268 31430 -0.00772316973232 -1.9923578758 0.00897969364522 
-0.00452620075456 19118 0.000707851663268 31416 -0.00772316973232 -1.98110954178 0.00897969364522 
-0.00452358863968 19120 0.000705209299574 31416 -0.00772494165834 -2.02047871086 0.00897969364522 
-0.00702132927239 19100 0.00109459703184 31420 -0.0119903384931 -2.02047871086 0.0139379132079 
-0.00802042552548 19106 0.00125035212475 31422 -0.013696497227 -2.00360620982 0.015921201033 
-0.00452358863968 19106 0.000705209299574 31444 -0.00772494165834 -2.03453912838 0.00897969364522 
-0.00502313676622 19110 0.000783086846028 31444 -0.00857802102528 -2.00079412632 0.00997133755776 
-0.00552268489276 19086 0.000860964392481 31426 -0.00943110039223 -1.9895457923 0.0109629814703 
-0.00753756076731 19110 0.00116275681008 31436 -0.0128345179143 -1.9895457923 0.0149295571205 
-0.00803821702858 19108 0.00123998888757 31424 -0.0136870061333 -1.98392162529 0.015921201033 
-0.0045336231997 19118 0.000699364345112 31436 -0.0077195886003 -2.01204246034 0.00897969364522 
-0.00553493572223 19110 0.0008538285001 31436 -0.00942456503831 -1.99516995931 0.0109629814703 
-0.00902497907225 19114 0.00140203828764 31418 -0.0153998299554 -1.99516995931 0.0179044888581 
-0.00602587679279 19114 0.000936125160232 31418 -0.0102822928672 -1.99516995931 0.0119546253828 
-0.00402647527314 19118 0.000625516408625 31422 -0.00687060147505 -2.00360620982 0.00798804973267 
-0.00452632565305 19106 0.000703168596527 31424 -0.00772352432309 -1.97829745828 0.00897969364522 
-0.0065257271727 19108 0.00101377734813 31418 -0.0111352157152 -1.97829745828 0.0129462692954 
-0.00552893255666 19114 0.00085817354551 31426 -0.00942769354974 -2.02891496137 0.0109629814703 
-0.00502881930485 19102 0.000780548441918 31422 -0.00857492234483 -2.02891496137 0.00997133755776 
-0.00502881930485 19114 0.000780548441918 31444 -0.00857492234483 -1.98110954178 0.00997133755776 
-0.00252825304578 19108 0.000392422923957 31420 -0.00431106632023 -1.99798204281 0.00501311799504 
-0.00602784589263 19118 0.00093669364402 31428 -0.0102810868568 -1.97829745828 0.0119546253828 
-0.00402779102056 19118 0.000625896268021 31424 -0.006869795622 -1.97829745828 0.00798804973267 
-0.00302776358453 19108 0.000470497580021 31424 -0.00516415000462 -1.9895457923 0.00600476190758 
-0.00353728438031 19130 0.000542465350778 31432 -0.00601190859511 -1.9895457923 0.00699640582013 
-0.00704681288537 19114 0.00108067415925 31428 -0.0119766437749 -1.9895457923 0.0139379132079 
-0.00604409045536 19094 0.000926900213974 31424 -0.0102724337236 -1.9923578758 0.0119546253828 
-0.00604409045536 19120 0.000926900213974 31438 -0.0102724337236 -1.9895457923 0.0119546253828 
-0.00804953531539 19114 0.00123444810453 31422 -0.0136808538263 -1.9895457923 0.015921201033 
-0.00403864559532 19114 0.000619352323417 31432 -0.0068640136208 -2.01204246034 0.00798804973267 
-0.00252966310404 19108 0.000390577782974 31438 -0.00431040666384 -1.98110954178 0.00501311799504 
-0.00403083962954 19118 0.000622358132794 31420 -0.00686832881909 -1.98110954178 0.00798804973267 
-0.00403083962954 19116 0.000622358132794 31434 -0.00686832881909 -2.03735121189 0.00798804973267 
-0.00903476138121 19116 0.00139495929886 31428 -0.0153947360032 -2.02329079436 0.0179044888581 
-0.00453123180471 19116 0.000699618249401 31428 -0.0077209695375 -1.98110954178 0.00897969364522 
-0.007032970387 19116 0.00108812081243 31428 -0.0119841038557 -1.98110954178 0.0139379132079 
-0.00553184130821 19124 0.000855870468283 31438 -0.00942619648642 -2.00923037684 0.0109629814703 
-0.0080337231062 19118 0.0012429543752 31414 -0.0136893754353 -2.00923037684 0.015921201033 
-0.00503146494861 19110 0.0007784536869 31424 -0.00857356069665 -2.04016329539 0.00997133755776 
-0.00603221766781 19104 0.000933287249667 31430 -0.0102788322762 -2.02047871086 0.0119546253828 
-0.00503148594676 19108 0.000782079311296 31426 -0.00857321840438 -1.99516995931 0.00997133755776 
-0.00603224284246 19126 0.000937634006678 31432 -0.0102784219024 -1.99516995931 0.0119546253828 
-0.00403072905105 19112 0.000626524615914 31430 -0.00686801490638 -1.9895457923 0.00798804973267 
-0.00403072905105 19116 0.000626524615914 31424 -0.00686801490638 -1.9895457923 0.00798804973267 
-0.0015300346456 19118 0.000234715306015 31426 -0.00260456782732 -2.00923037684 0.00302983016995 
-0.00303234611903 19118 0.000465177732621 31424 -0.00516194268258 -2.00923037684 0.00600476190758 
-0.00753928053932 19118 0.00115656501244 31422 -0.0128340672483 -1.96142495724 0.0149295571205 
-0.00253157562788 19110 0.000388356923753 31434 -0.00430948439749 -1.96142495724 0.00501311799504 
-0.00403388710132 19118 0.000618819350359 31418 -0.00686685925275 -1.98110954178 0.00798804973267 
-0.00553184092066 19106 0.000855870483792 31410 -0.00942619671245 -1.98110954178 0.0109629814703 
-0.00753334621882 19108 0.00116553761494 31422 -0.0128367399533 -1.98110954178 0.0149295571205 
-0.00553184092066 19116 0.000855870483792 31428 -0.00942619671245 -1.9895457923 0.0109629814703 
-0.00353033562249 19116 0.000546203352646 31428 -0.00601565347157 -1.9895457923 0.00699640582013 
-0.00503146459611 19122 0.000778453701006 31422 -0.00857356090223 -1.9923578758 0.00997133755776 
-0.00453108827157 19110 0.000701036918219 31416 -0.00772092509201 -1.99798204281 0.00897969364522 
-0.0035289138291 19118 0.000547264153442 31412 -0.00601639123836 -1.96423704075 0.00699640582013 
-0.00503083393839 19108 0.000779045784238 31424 -0.00857387720003 -2.03172704488 0.00997133755776 
-0.00703495219224 19130 0.00108935732135 31424 -0.0119828282501 -2.01485454385 0.0139379132079 
-0.00602827820241 19122 0.00093214991869 31426 -0.0102812463489 -2.03453912838 0.0119546253828 
0.03060952835 19134 -0.00440043426114 31438 0.0530751565977 -1.99798204281 -0.0614270241454 
-0.142232775015 19096 0.0736564831284 31578 -0.366189259914 -2.00360620982 0.399687395188 
0.000406481236403 19284 0.343105358596 32008 -0.746018078504 -1.97829745828 0.821136058019 
0.274945712042 19668 0.924315953113 33044 -1.37432786808 -1.96423704075 1.67890804237 
0.468150814332 20014 1.50774681765 34220 -1.92561593084 -1.97829745828 2.49007276283 
0.564643553566 20174 1.82787196136 34714 -2.25883258984 -1.9361162057 2.96011197738 
0.719370181241 20458 2.35895013012 35560 -2.7726876266 -1.9895457923 3.71078641917 
0.820749178335 20604 2.68657599817 35930 -3.10581290816 -1.98392162529 4.18776714111 
0.819138269891 20656 3.08121982222 36572 -3.42142215796 -1.97829745828 4.67664758999 
0.844924263439 20728 3.40606195151 37110 -3.71305403616 -1.97829745828 5.10900433586 
1.02279086092 20960 3.94172010929 37988 -4.22440660729 -1.97548537477 5.86761192896 
1.06794985708 21030 4.26567323566 38494 -4.53219166366 -2.00079412632 6.31484333352 
1.30172161236 21334 4.71659041697 39154 -4.914088016 -1.97267329127 6.93462077886 
1.48310649464 21538 5.21012123608 39792 -5.17245140675 -1.9895457923 7.48994136988 
1.63271706146 21674 5.70259769509 40312 -5.58378048885 -1.98392162529 8.14640963999 
1.69937104304 21800 5.95028397519 40690 -5.63518261142 -1.98110954178 8.36952952031 
1.80805479878 21924 6.28768264576 40962 -5.81665986146 -2.00923037684 8.75428735838 
2.04630557231 22232 6.81838650111 41590 -6.12467706308 -1.97548537477 9.39092275023 
2.15274771879 22310 7.24689976133 42010 -6.41601968167 -2.03735121189 9.91550237996 
2.2059816836 22330 7.52631608804 42274 -6.58802196787 -1.99798204281 10.2427448711 
2.30463671112 22374 7.94630311391 42758 -6.93389472165 -2.02329079436 10.7950905304 
2.20347801306 22178 7.80997744228 42708 -6.83935750893 -2.02610287787 10.6126280505 
2.01318872675 21960 7.33883654153 42294 -6.38744362482 -2.03735121189 9.93533525822 
1.83276322456 21780 6.82151126796 41752 -5.81632254956 -2.03453912838 9.14995327948 
1.49502054842 21516 6.08901321761 40760 -5.15451320575 -2.02610287787 8.11666032261 
1.26711639204 21306 5.6377393773 40022 -4.87536398328 -1.9895457923 7.56034808767 
1.14020431308 21236 5.33304001833 39520 -4.43115675052 -1.9923578758 7.02684366272 
0.893000635514 21070 4.7617053453 38448 -4.08897013836 -1.99516995931 6.33963443133 
0.766136717611 20994 4.35191335739 37748 -3.71257349833 -2.00641829333 5.77142246944 
0.543879046748 20858 3.78386081656 36762 -3.1545863593 -2.01204246034 4.95629117333 
0.341795137285 20690 3.06640730567 35502 -2.53683392115 -2.02610287787 3.99439657816 
0.226067342639 20612 2.65524927295 34698 -2.14237445204 -2.00923037684 3.41924310889 
0.0959807835057 20472 1.91656146933 33524 -1.55552721315 -2.01766662735 2.47023988458 
0.00788892543437 20412 1.50838015015 32846 -1.22266161766 -2.00923037684 1.94169367919 
-0.0421136856594 20122 0.301858276972 31044 -0.303935170987 -2.04859954591 0.430428356477 
-0.0108103608683 20004 0.00587975581409 30502 -0.0192683161122 -2.04859954591 0.0228627084208 
0.00797563975138 20002 -0.00263307417491 30492 0.0109851214172 -2.01204246034 -0.0138281163433 
-0.00792580444821 20000 0.00216077950947 30482 -0.0112595772724 -2.02047871086 0.0139379132079 
-0.00506223751544 19968 0.00159363376873 30484 -0.00724354752248 -2.03453912838 0.00897969364522 
-0.0061453505938 19994 0.00178332020867 30498 -0.00890176374832 -2.04016329539 0.0109629814703 
-0.034196393412 20078 0.00278201015014 30290 -0.110890900713 -1.96704912426 0.1160772362 
0.321397553388 20426 -0.328310723001 29216 -0.779048655417 -1.99798204281 0.904434146673 
0.998803636621 21066 -1.53776041412 27342 -2.13499312729 -1.97548537477 2.81434032223 
1.36713881578 21490 -2.03830302924 26492 -2.79640518866 -2.01485454385 3.7207028583 
1.649244474 21840 -2.4849521723 25838 -3.37651744333 -1.97267329127 4.50509319312 
1.86227748836 22086 -2.72330219855 25520 -3.72390791583 -1.95017662322 4.97513240767 
2.14432974101 22482 -3.15489533314 24936 -4.14557037043 -1.93049203869 5.6335839656 
2.47846837948 22914 -3.66931405214 24268 -4.48279263596 -1.95861287374 6.30096031874 
2.8147938856 23352 -4.16090705607 23650 -4.7718202508 -1.93330412219 6.92867091538 
2.95340530939 23612 -4.69377844961 23028 -4.91857480103 -1.92767995518 7.4125931447 
2.43221835402 22868 -3.29316353726 24682 -3.88583044951 -1.9923578758 5.64449204864 
3.45160237592 24130 -5.18918210742 22784 -5.62051207276 -1.90237120363 8.3923373303 
3.64464817232 24506 -5.75378860543 22216 -6.27071022177 -1.91361953765 9.25804246595 
3.89528333187 24780 -6.02054261762 21944 -6.78481043175 -1.92767995518 9.87187004781 
4.21063984267 25182 -6.54242148587 21372 -7.42606189601 -1.92205578817 10.7554247739 
4.44224288294 25308 -6.85390778336 21058 -7.81593421131 -1.90799537064 11.3047955014 
4.39240864669 25200 -7.10953160888 20880 -8.15084508615 -1.9361162057 11.6736870369 
4.44931641085 24976 -7.25725676039 21378 -8.85558356731 -5.32186474612 12.2835480431 
4.24937811091 24726 -6.83429956489 21716 -8.50011671248 -5.29374391107 11.7054196421 
3.73248102868 24242 -6.46602443673 22130 -7.94733077324 -5.3106164121 10.9041713608 
3.1880073916 23626 -6.12776140652 22660 -7.66088484059 -5.37529433272 10.3151348767 
2.8293815679 23162 -5.67179344853 23286 -7.27881559125 -5.31905266262 9.65172509923 
2.3508343703 22664 -5.24977569343 23980 -6.88092364957 -5.37529433272 8.96848244348 
1.9776455144 22138 -4.51628885898 25042 -6.3349350847 -5.38091849973 8.02741237048 
1.62524248994 21604 -3.64713733205 26256 -5.69397943436 -5.39216683376 6.95445365711 
1.30153284809 21114 -2.57852239527 27664 -4.31834937341 -5.35279766468 5.19527735625 
0.706757635811 20416 -1.3172427613 29416 -2.43119638234 -5.35560974819 2.85400607874 
-0.0094984563612 19556 -0.0166812297335 31352 -0.103402450059 -5.39779100077 0.105169153162 
-0.0217280218323 19288 0.00702446127164 31714 -0.0451864926692 -5.3640459987 0.0506287379721 
-0.00198756493392 19294 -0.000132468759707 31616 -0.00349346410563 -5.37529433272 0.00402147408249 
-0.00452498921094 19300 -0.000201320735402 31574 -0.00888321536907 -5.40060308427 0.00997133755776 
0.00603524931485 19298 -0.00020323310657 31602 0.0113273777406 -5.38654266675 -0.0128364724308 
-0.112317004608 19240 0.0203877991679 31672 -0.0923299043372 -5.35279766468 0.146818197489 
-1.58029303483 18088 0.406387081187 32788 0.573263503269 -5.36967016571 1.72948188191 
-2.98682093165 16566 0.635073255024 33430 1.32832617495 -5.50183809046 3.32999515676 
-3.93206324648 15360 0.985265758765 33974 1.93367496658 -5.47371725541 4.49121017835 
-4.66080083485 14546 1.26060146881 34478 2.3181324109 -5.45684475438 5.35592367009 
-5.09981536225 14028 1.4440816298 34828 2.59238857652 -5.52433475851 5.90033617807 
-5.56017853733 13470 1.62342552913 35148 2.85258004509 -5.50465017397 6.45664841301 
-5.89992703228 13094 1.73778372211 35360 3.06329032166 -5.51027434098 6.87115556845 

 
