-0.0138995940405 19590 0.00431480208106 30688 -0.0176319937854 0.0351543315445 0.0228627084208 
-0.0126938359506 19578 0.00394050283892 30694 -0.0161024585281 0.0351543315445 0.0208794205958 
-0.0126938359506 19594 0.00394050283892 30690 -0.0161024585281 0.0351543315445 0.0208794205958 
-0.0114880778608 19596 0.00356620359679 30682 -0.0145729232708 0.0351543315445 0.0188961327707 
-0.0132976621723 19596 0.00409141154446 30690 -0.016875307258 0.0182818305125 0.0218710645083 
-0.012694740182 19596 0.00390590510282 30690 -0.0161101732286 0.00140932948045 0.0208794205958 
-0.00968013023025 19594 0.00297837289463 30696 -0.0122845030815 0.0239059975231 0.015921201033 
-0.0114888962013 19596 0.00353489221954 30686 -0.0145799051698 0.0126576635018 0.0188961327707 
-0.0114888962013 19600 0.00353489221954 30696 -0.0145799051698 0.0126576635018 0.0188961327707 
-0.0114888962013 19594 0.00353489221954 30682 -0.0145799051698 -0.0098390045409 0.0188961327707 
-0.0127137985245 19582 0.00388760148888 30696 -0.0160995678873 0.0239059975231 0.0208794205958 
-0.0127137985245 19590 0.00388760148888 30700 -0.0160995678873 0.0239059975231 0.0208794205958 
-0.0109023170917 19596 0.00333369009083 30688 -0.0138056768643 0.0239059975231 0.0179044888581 
-0.0109023170917 19596 0.00333369009083 30688 -0.0138056768643 0.0239059975231 0.0179044888581 
-0.0109449510472 19590 0.00331022201027 30690 -0.0137775613985 -0.00140275402489 0.0179044888581 
-0.0151882700916 19590 0.0045935834467 30702 -0.0191190735182 0.00703349649112 0.0248459962459 
-0.00973257417732 19592 0.00294354731414 30690 -0.0122514150785 -0.0098390045409 0.015921201033 
-0.012157327917 19584 0.00367689670639 30692 -0.0153037077184 0.0126576635018 0.0198877766832 
-0.00973257417732 19584 0.00294354731414 30692 -0.0122514150785 0.0126576635018 0.015921201033 
-0.0103551182131 19596 0.00313575487753 30706 -0.0129993419947 0.00703349649112 0.0169128449456 
-0.0103551182131 19598 0.00313575487753 30690 -0.0129993419947 0.00703349649112 0.0169128449456 
-0.0103551182131 19578 0.00313575487753 30682 -0.0129993419947 0.0464026655658 0.0169128449456 
-0.00914082340073 19582 0.002768040014 30680 -0.0114749718018 0.0407784985552 0.0149295571205 
-0.0140274364408 19604 0.00425247873135 30696 -0.0175456800345 0.0407784985552 0.0228627084208 
-0.0128105883143 19600 0.0038835858977 30694 -0.0160236322983 0.00703349649112 0.0208794205958 
-0.0103768920611 19592 0.0031458002304 30692 -0.0129795368259 -0.0238994220676 0.0169128449456 
-0.0103768920611 19594 0.0031458002304 30702 -0.0129795368259 0.0210939140178 0.0169128449456 
-0.00976846799783 19592 0.00296135381357 30692 -0.0122185129578 0.0210939140178 0.015921201033 
-0.012202164251 19604 0.00369913948087 30680 -0.0152626084302 0.0239059975231 0.0198877766832 
-0.00916004393454 19590 0.00277690739674 30696 -0.0114574890897 0.00140932948045 0.0149295571205 
-0.00915439482815 19590 0.00279983781786 30696 -0.0114564234968 0.00140932948045 0.0149295571205 
-0.0109785413513 19592 0.00335774628878 30688 -0.0137392827662 0.00703349649112 0.0179044888581 
-0.0109785413513 19600 0.00335774628878 30692 -0.0137392827662 0.00703349649112 0.0179044888581 
-0.00914137172574 19598 0.00282415200365 30692 -0.0114608535566 0.00140932948045 0.0149295571205 
-0.0103557393792 19594 0.00319932095474 30684 -0.0129833482388 0.00984557999646 0.0169128449456 
-0.0103557393792 19596 0.00319932095474 30694 -0.0129833482388 0.0154697470071 0.0169128449456 
-0.0127844746863 19612 0.00394965885691 30688 -0.0160283376033 0.00984557999646 0.0208794205958 
-0.0115701070327 19586 0.00357448990582 30688 -0.0145058429211 0.00984557999646 0.0188961327707 
-0.0115701070327 19598 0.00357448990582 30680 -0.0145058429211 -0.0098390045409 0.0188961327707 
-0.0103557393792 19592 0.00319932095474 30686 -0.0129833482388 -0.0098390045409 0.0169128449456 
-0.0103375735719 19602 0.00320850219881 30700 -0.0129955534872 -0.0098390045409 0.0169128449456 
-0.0103375735719 19576 0.00320850219881 30692 -0.0129955534872 -0.0351477560889 0.0169128449456 
-0.0103375735719 19576 0.00320850219881 30692 -0.0129955534872 -0.0351477560889 0.0169128449456 
-0.0109436922903 19594 0.00339662499447 30688 -0.0137575164537 -0.0126510880462 0.0179044888581 
-0.00788657468492 19588 0.00246338328215 30692 -0.00996692385911 0.0351543315445 0.0129462692954 
-0.00909474880808 19584 0.00284075825872 30692 -0.0114937945191 0.0351543315445 0.0149295571205 
-0.0139274453007 19590 0.004350258165 30698 -0.017601277159 0.0182818305125 0.0228627084208 
-0.0103029229312 19590 0.00321813323529 30696 -0.0130206651791 0.00422141298578 0.0169128449456 
-0.0103029229312 19586 0.00321813323529 30680 -0.0130206651791 0.0464026655658 0.0169128449456 
-0.0109070099928 19604 0.00340682072358 30688 -0.0137841005091 0.0210939140178 0.0179044888581 
-0.0121021799754 19592 0.00376323477585 30708 -0.0153264139728 -0.0154631715516 0.0198877766832 
-0.00968842537782 19590 0.00301266543542 30690 -0.0122695926178 0.0210939140178 0.015921201033 
-0.00968842537782 19584 0.00301266543542 30690 -0.0122695926178 0.0210939140178 0.015921201033 
-0.0157228118717 19594 0.0048890887865 30696 -0.0199116460054 -0.0238994220676 0.0258376401585 
-0.00907966031069 19592 0.00280530759425 30690 -0.0115144124365 0.0182818305125 0.0149295571205 
-0.013301254335 19588 0.00410963720252 30682 -0.0168680460607 0.00140932948045 0.0218710645083 
-0.0108889148925 19596 0.00336430599779 30696 -0.0138088268469 0.00140932948045 0.0179044888581 
-0.00666732086823 19582 0.00205997638953 30702 -0.00845519322268 -0.00140275402489 0.0109629814703 
-0.0126981694744 19606 0.00392330440134 30698 -0.0161032412572 0.0182818305125 0.0208794205958 
-0.0126981694744 19590 0.00392330440134 30690 -0.0161032412572 0.00140932948045 0.0208794205958 
-0.0090802528729 19598 0.00278800041271 30700 -0.0115181481705 0.00140932948045 0.0149295571205 
-0.0108896255314 19596 0.00334355010821 30678 -0.0138133069802 0.0295301645338 0.0179044888581 
-0.0114927497509 19590 0.00352873334005 30698 -0.0145783599168 -0.00140275402489 0.0188961327707 
-0.00969539501592 19598 0.0029634571853 30686 -0.0122760693762 -0.00140275402489 0.015921201033 
-0.00969539501592 19594 0.0029634571853 30684 -0.0122760693762 -0.00421483753023 0.015921201033 
-0.0109031405154 19590 0.00333261203383 30698 -0.013805286857 -0.00140275402489 0.0179044888581 
-0.0109031405154 19598 0.00333261203383 30688 -0.013805286857 0.00140932948045 0.0179044888581 
-0.0109031405154 19588 0.00333261203383 30692 -0.013805286857 0.0126576635018 0.0179044888581 
-0.0109031405154 19592 0.00333261203383 30694 -0.013805286857 -0.0154631715516 0.0179044888581 
-0.012110886015 19600 0.00370176688236 30684 -0.0153345043377 -0.0154631715516 0.0198877766832 
-0.00791338285502 19592 0.00239195857162 30684 -0.00996307154699 -0.0126510880462 0.0129462692954 
-0.0109440852747 19594 0.00330804146102 30682 -0.0137787728214 0.0239059975231 0.0179044888581 
-0.0109440852747 19588 0.00330804146102 30690 -0.0137787728214 0.00422141298578 0.0179044888581 
-0.00853643279516 19580 0.00258658465309 30694 -0.0107100102501 0.00422141298578 0.0139379132079 
-0.00732174570537 19592 0.00221852798819 30688 -0.00918603513143 -0.0098390045409 0.0119546253828 
-0.00853643279516 19590 0.00258658465309 30692 -0.0107100102501 -0.0098390045409 0.0139379132079 
-0.00853643279516 19586 0.00258658465309 30690 -0.0107100102501 0.00703349649112 0.0139379132079 
-0.0103584634298 19586 0.00313866965045 30690 -0.0129959729282 0.00984557999646 0.0169128449456 
-0.0115731505196 19586 0.00350672631535 30692 -0.0145199480469 0.00984557999646 0.0188961327707 
-0.0115731505196 19592 0.00350672631535 30682 -0.0145199480469 0.00140932948045 0.0188961327707 
-0.0109675902048 19592 0.00334344501499 30700 -0.0137515112552 -0.0210873385622 0.0179044888581 
-0.0127899171332 19592 0.00389897724866 30700 -0.0160364023569 -0.0210873385622 0.0208794205958 
-0.0140048017522 19576 0.00426933207111 30688 -0.0175596630915 0.00422141298578 0.0228627084208 
-0.00914526327639 19598 0.00278791278132 30690 -0.0114666201534 0.0126576635018 0.0149295571205 
-0.0103642850439 19594 0.00317161638541 30688 -0.0129833265839 0.0126576635018 0.0169128449456 
-0.00975660016269 19592 0.00298565630054 30688 -0.0122220805125 0.0182818305125 0.015921201033 
-0.0170488187372 19580 0.00521717731901 30692 -0.0213570333697 0.0182818305125 0.0278209279836 
-0.00914891528148 19584 0.00279969621567 30676 -0.0114608344411 -0.0351477560889 0.0149295571205 
-0.0103642850439 19588 0.00317161638541 30670 -0.0129833265839 0.00703349649112 0.0169128449456 
-0.0103642850439 19588 0.00317161638541 30670 -0.0129833265839 0.00703349649112 0.0169128449456 
-0.0103448027332 19596 0.00319696648134 30680 -0.0129926435294 0.0126576635018 0.0169128449456 
-0.0133775156475 19592 0.00413419861467 30698 -0.0168016052698 0.00984557999646 0.0218710645083 
-0.0127709730646 19592 0.003946752188 30698 -0.0160398129217 0.00984557999646 0.0208794205958 
-0.0127709730646 19590 0.003946752188 30678 -0.0160398129217 0.0154697470071 0.0208794205958 
-0.00971596337228 19588 0.00302870324907 30698 -0.0122438415014 0.0154697470071 0.015921201033 
-0.0121365787298 19594 0.00378326821778 30678 -0.0152942472757 0.00422141298578 0.0198877766832 
-0.0103211172117 19590 0.00321734449125 30696 -0.013006442945 -0.0126510880462 0.0169128449456 
-0.0127417325692 19582 0.00397190945996 30694 -0.0160568487192 -0.0126510880462 0.0208794205958 
-0.0103211172117 19584 0.00321734449125 30682 -0.013006442945 -0.0323356725836 0.0169128449456 
-0.010926271051 19596 0.00340598573343 30698 -0.0137690443885 0.0210939140178 0.0179044888581 
-0.0121157784145 19586 0.00377732099458 30694 -0.0153121984351 0.0210939140178 0.0198877766832 
-0.0127614825646 19594 0.00389502748739 30700 -0.0160599977596 0.00984557999646 0.0208794205958 
-0.00913916582108 19596 0.00280231714525 30692 -0.011467970288 -0.0098390045409 0.0149295571205 
-0.0108897640519 19592 0.00339180184629 30694 -0.013801428926 -0.0210873385622 0.0179044888581 
-0.0275262585399 19604 0.0130698145747 30742 -0.0353389647604 0.00703349649112 0.0466621623219 
-0.0190936903719 19740 0.650202201438 31460 -1.64842073873 0.00984557999646 1.77212257015 
-0.143505876824 19708 0.692142117499 31562 -1.55776659921 -0.0238994220676 1.71064064757 
-0.0929159454618 19816 1.46789383606 32592 -3.13937061874 0.0351543315445 3.46684201669 
0.278010492207 20302 1.95794065564 33764 -3.799074542 0.0126576635018 4.28296495671 
0.593522444112 20820 2.57401787472 35266 -4.19837111571 0.0182818305125 4.96025774898 
0.792605916937 21120 3.18030364634 36606 -4.71063709508 0.0210939140178 5.73869822033 
0.962719952257 21308 3.52725248741 37208 -5.02778811811 0.0154697470071 6.21667058617 
1.0793040478 21426 3.84646098421 37948 -5.23415791179 0.0267180810285 6.58457047773 
1.22350594139 21584 4.3512724034 38122 -5.63544585042 0.0548389160818 7.22418080132 
1.34458600005 21744 4.57026328807 38586 -5.8014496415 0.0379664150498 7.50679931639 
1.36610210911 21704 4.80581278715 38902 -6.03923040604 0.0154697470071 7.83800838318 
1.48010950312 21866 5.11238731483 39406 -6.26270224556 0.0182818305125 8.2187996456 
1.68686076376 22136 5.49994143791 39880 -6.46124228403 -0.0351477560889 8.65115639147 
1.74207327575 22156 5.75560481507 40188 -6.66306453612 -0.0210873385622 8.97542395087 
1.96638188569 22432 6.14535695407 40800 -6.94832170241 -0.102637760217 9.48215399018 
1.98548006895 22378 6.49401423039 41274 -7.39165367422 -0.0548323406263 10.0374745812 
2.20188982022 22636 6.86584361096 41800 -7.64191601999 -0.0913894261957 10.5065221518 
2.21657415081 22628 7.01153948007 41976 -7.7069109573 -0.0801410921743 10.652293807 
2.18248153217 22552 7.08424728671 41976 -7.74081487076 -0.144819012797 10.7177423052 
2.10686321045 22460 6.92750564021 41816 -7.61984334588 -0.203872766409 10.5114803714 
1.9782360973 22292 6.5918727564 41400 -7.27238791907 -0.077329008669 10.0126834834 
1.65146920024 21978 5.87467249665 40302 -6.51530713582 -0.142006929292 8.92683339916 
1.66610441071 22154 5.16778661442 39102 -5.75805960293 -0.150443179808 7.91436496445 
1.34987250744 21946 4.56044299213 37946 -5.16864932833 -0.142006929292 7.02386873099 
1.1059158733 21770 4.1192669168 37146 -4.55951699914 -0.119510261249 6.24344497181 
0.954671229247 21636 3.7848759698 36512 -4.17141702578 -0.142006929292 5.7129154786 
0.680009219363 21430 3.04766396993 35252 -3.35110854391 -0.13075859527 4.58045813048 
0.377499275477 21134 2.39868341449 34204 -2.5475444077 -0.122322344754 3.51939914405 
0.268170012864 21022 1.82761963988 33280 -1.75589010389 -0.136382762281 2.54857975367 
0.0788559125767 20806 1.18307081687 32242 -1.13478921879 -0.116698177744 1.64122557369 
-0.0283382193625 20508 0.423053437824 31288 -0.52440571326 -0.102637760217 0.674372758963 
-0.168859393884 20280 0.119740889701 30860 -0.304202813768 -0.122322344754 0.367954789986 
-0.0130356680973 20236 0.00476217133052 30754 -0.0206086537874 -0.0998256767117 0.0248459962459 
-0.0089564191397 20220 0.00255569007041 30740 -0.0129126157998 -0.0660806746476 0.015921201033 
-0.00905994427147 20230 0.00247080391583 30734 -0.012856795096 -0.094201509701 0.015921201033 
-0.00712058779137 20226 0.000231345342478 30666 -0.0119795297666 -0.113886094238 0.0139379132079 
-0.0359601873489 20292 -0.0506802234669 30324 -0.279822914107 -0.0829531756797 0.286639989158 
0.254544971278 20558 -0.330498349272 29650 -0.909519268619 -0.0717048416583 1.00062360619 
0.741085454051 20966 -0.78348468024 28898 -1.58355891142 -0.12513442826 1.91591093747 
1.16528839149 21426 -1.2672011735 27994 -2.11116766671 -0.0210873385622 2.72410072619 
1.24597329576 21684 -1.7549149961 26968 -2.52278093399 -0.0238994220676 3.31611214198 
1.50955284438 22010 -2.23770959815 25932 -2.99258714012 -0.00421483753023 4.03009575901 
1.91856966807 22440 -2.73485804545 25122 -3.50802773924 0.0126576635018 4.84423541121 
2.34949974789 23096 -3.42195276752 24046 -4.14716287845 0.00422141298578 5.86761192896 
2.7793204658 23676 -3.96764258665 23198 -4.82954056313 0.0323422480391 6.84041460716 
3.0801533125 23978 -4.53782986385 22408 -5.42469978445 0.0351543315445 7.71405289412 
3.3861753221 24212 -5.11370379599 21862 -5.87277205943 0.0239059975231 8.49150172155 
3.70340630318 24514 -5.42735614014 21622 -6.29072031317 0.0295301645338 9.0964045082 
3.99148085727 24440 -5.76066390215 21934 -6.75816667281 -0.830967388099 9.73601483179 
4.27871806978 24994 -6.04189487928 21624 -7.14269107163 -2.26512997582 10.2873688472 
4.45086559155 25448 -6.40666838405 21240 -7.65702100126 -3.3618425429 10.9309457464 
4.64870542764 25744 -6.67174235072 21034 -7.97141659841 -3.37027879342 11.3871019462 
4.62252374015 25710 -6.54037505886 21178 -8.05824685814 -3.45745338208 11.3613192045 
4.27292641482 25232 -5.86251709549 21928 -7.27864266161 -3.53900380374 10.2764607641 
3.66308778882 24534 -5.12109931588 22844 -6.51693805766 -3.49682255116 9.06169697126 
3.31677336537 23910 -4.15161185984 24300 -5.64789032826 -3.53337963673 7.75471029453 
2.97609820377 23460 -3.46040595182 25414 -4.88134071156 -3.5165071357 6.68274322507 
2.32019942006 22984 -2.97875818089 26338 -4.11935244699 -3.55306422127 5.58796834562 
1.82653268789 22444 -2.34072119317 27450 -3.43301479118 -3.59243339034 4.53880908615 
1.05532897732 21604 -1.4673156651 28984 -2.29143871403 -3.5727488058 2.91846293305 
0.149888190652 20528 -0.251778161253 31024 -0.596358523701 -3.64305089344 0.664456319837 
-0.0837798359184 20058 -0.0234369916867 31562 -0.203364997416 -3.64023880993 0.22119149093 
-0.0309487841763 19950 0.00375414437016 31752 -0.0436054189798 -3.62899047591 0.0536036697097 
-0.001747287808 19966 -0.000222737821818 31696 -0.00361519390557 -3.63180255942 0.00402147408249 
-0.0374629721258 19952 0.00422528029901 31732 -0.061862240894 -3.63461464292 0.0724449040481 
-0.571485243461 19462 0.195061592935 32316 -0.0114267387073 -3.5699367223 0.603966041172 
-1.4871803346 18628 0.298332934464 32786 0.376701258636 -3.63180255942 1.5628857046 
-1.9333434158 18192 0.0352297361306 32552 0.683094569886 -3.66554756148 2.05077450957 
-2.8141701499 17286 -0.154743896236 32198 1.03873989575 -3.66554756148 3.00374430953 
-3.62146496936 16126 -0.28354970987 32012 1.01715263353 -3.69929256354 3.77226834175 
-3.94951864249 15592 -0.408351907412 31874 1.32802118816 -3.74147381612 4.1867754972 
-4.26414410745 15276 -0.498537711519 31774 1.52105327912 -3.71897714808 4.55467538875 
-4.79356484806 14610 -0.667274067527 31552 1.77386252439 -3.73866173262 5.15461995584 
-4.26498985595 14650 -0.522678230097 31614 1.46508008829 -3.76678256767 4.53980073006 
-3.07578886616 15614 -0.256504148974 31672 0.892735405237 -3.75272215014 3.21298117508 
-2.27975371471 16622 -0.11168949136 31708 0.57264352599 -3.64586297694 2.3532259029 
-1.52890558703 17582 -0.0131014654681 31786 0.299021915932 -3.66554756148 1.55792748504 
-0.519026443346 18782 0.0328919315779 31868 0.0519036701727 -3.60368172436 0.522651240343 
-0.122944176497 19220 0.0376229974439 31832 -0.0470247910331 -3.5727488058 0.136901758363 
-0.0086388438377 19410 0.00350960308463 31690 -0.0103594636892 -3.58962130683 0.0139379132079 
-0.000662533983138 19442 0.000253238030511 31676 -0.000769525893439 -3.56712463879 0.00104654234486 
-0.0156414474746 19444 0.0060949237628 31654 -0.0183172201678 -3.59243339034 0.0248459962459 
-0.16506856261 19392 0.00958653496534 31600 -0.158614531687 -3.56712463879 0.22912464223 
-0.262521131534 19502 -0.320687357464 31074 -0.387354418345 -3.55025213776 0.567275216408 
-0.530772030421 19408 -2.14607693913 27370 -0.730919602004 -3.54462797075 2.32843480509 
-0.398796500076 19478 -3.27041349276 25184 -1.09801656674 -3.55306422127 3.47279188016 
-0.386705238731 19538 -4.06487955839 23720 -1.19040182662 -3.55306422127 4.25321563934 
-0.593677047359 19340 -5.10104894449 21882 -1.07042141131 -3.54744005425 5.24585119579 
-0.73420275934 19190 -5.83714927032 20738 -1.03057885165 -3.56712463879 5.97272618369 
-0.822269427329 19054 -6.35868903586 19924 -0.968802042191 -3.56712463879 6.48441444256 
-0.852381907927 19032 -6.19499716794 20008 -0.96079806694 -3.56431255529 6.32674306047 
-0.724324832409 18904 -5.44537706163 20940 -0.94533034933 -3.53900380374 5.57408533085 
-0.576360863805 18730 -4.42380416858 22484 -0.913126760484 -3.55868838828 4.55368374484 
-0.348830360256 18684 -2.98872032819 24654 -0.82013761122 -3.56712463879 3.11877500338 
-0.246664138627 18844 -2.11727809287 26188 -0.741959424039 -3.55306422127 2.25703644338 
-0.0766220782949 19390 -0.521410501028 29206 -0.271988764917 -3.54181588724 0.593057958134 
-0.00461028997539 19578 -0.0109050352434 30350 -0.0147271608387 -3.48838630064 0.0188961327707 
-0.0234205250747 19492 -0.0020610117546 30804 -0.0425865126041 -3.53056755322 0.048645450147 
-0.00354072383159 19484 -0.000627274102687 30890 -0.00713293351154 -3.53619172023 0.00798804973267 
-0.00277347201407 19482 -0.000445749899724 30876 -0.00530719564184 -3.49682255116 0.00600476190758 
-0.00193257332667 19488 -0.000250688278066 30880 -0.00351775063363 -3.50525880167 0.00402147408249 
-0.00286800098106 19492 -0.000396615138024 30864 -0.0052606494249 -3.50244671817 0.00600476190758 
-0.000500012856858 19490 -6.34174054508e-05 30876 -0.000917178420617 -3.52213130271 0.00104654234486 
-0.00283050398234 19494 -0.000390986181017 30876 -0.00528133908957 -3.53056755322 0.00600476190758 
0.000445360597715 19490 6.06257315354e-05 30884 0.000821870156054 -3.53619172023 -0.000936745480232 
0.00186764738703 19486 0.000248570961199 30884 0.00342802047423 -3.52494338621 -0.00391167721786 
-0.00145389536602 19502 -0.000183377851067 30874 -0.00265187324115 -3.52494338621 0.00302983016995 
-0.00145716239039 19484 -0.000177957358955 30862 -0.00265044898181 -3.50807088518 0.00302983016995 
-0.00193514452016 19492 -0.000231424424618 30864 -0.00351765720586 -3.49119838415 0.00402147408249 
-0.0014510079915 19492 -0.000182067942813 30866 -0.00265354440919 -3.52494338621 0.00302983016995 
0.0101229699024 19500 0.00039841742549 30914 0.0192592708421 -3.46307754909 -0.0217612676437 
1.14473137512 21714 1.11984429417 32862 -2.52366412689 -3.37871504393 2.98886965084 
2.88556995319 24150 2.356329413 35000 -4.0954797515 -3.29997670579 5.53640286217 
3.63228369625 25146 3.02842640665 36052 -4.91757481459 -3.28591628826 6.82256501674 
4.40392020334 26290 3.57528228737 36662 -5.67577656507 -3.27185587073 8.02443743874 
5.07638363793 27240 4.17627938174 37418 -6.32195697523 -3.2549833697 9.1202039621 
5.47237357021 27764 4.7433284178 38112 -7.02443538338 -3.24935920269 10.0890400647 
5.55653418609 27852 5.10093331319 38658 -7.52596565682 -3.24935920269 10.6552687387 
5.88274228718 28310 5.46222022047 39048 -7.9680897432 -3.31684920682 11.3107453649 
6.01982065253 28478 5.77041477175 39414 -8.33154001202 -3.39839962847 11.7877260868 
6.27301320715 28850 5.97737824699 39748 -8.50117309124 -3.40964796249 12.1387680319 
6.41381557204 28988 6.03346177445 39772 -8.49295173552 -3.45182921507 12.2339658475 
6.68848512386 29384 6.62959903071 40648 -8.96246367277 -3.52494338621 13.0005065919 
6.08071338927 28678 5.75882812164 39806 -7.82181431231 -3.54744005425 11.4594919518 
4.66421200491 26822 4.42347586677 37692 -6.03434013257 -3.56431255529 8.81676092487 
3.23022803947 25056 3.05496490775 35212 -4.43260816547 -3.65429922746 6.27815250875 
1.43138815834 23036 1.63027271447 32784 -2.29817731648 -3.64867506045 3.16042404771 
0.0855696817154 21082 0.279980738067 31114 -0.506615885514 -3.70210464705 0.585124806834 
-0.0313921550014 20450 0.00755868372751 30766 -0.0402748399201 -3.70210464705 0.0516203818846 
-0.00259897844603 20472 0.000822047344825 30752 -0.00420724389976 -3.70491673055 0.00501311799504 
-0.251021549852 20134 0.121520355471 31214 -0.0395677145948 -3.72460131509 0.281681769595 
-2.45443157718 17448 0.168656106752 31748 0.832234549724 -3.77803090169 2.59717030539 
-3.8221187515 15414 -0.79104534608 30542 1.51209853393 -3.69085631303 4.18578385328 
-4.94334270885 13860 -1.51377531093 29656 2.01382938485 -3.64305089344 5.54830258912 
-5.77832961058 11868 -2.19637709952 29594 2.83020277129 -0.0913894261957 6.79876556284 
-6.35010075661 11390 -2.52790681966 29490 3.45965762874 0.350107684142 7.66050412284 
-7.54504430106 11316 -2.9997636696 29184 4.201220828 1.0137593914 9.14202012818 
-8.18958162234 11302 -3.16214133095 29346 4.7944721916 1.00532314089 10.0027670443 
-7.34229637082 11316 -2.66453397642 30340 4.16195658262 1.02500772542 8.85047681789 
-5.71354170405 11468 -2.04613308272 31176 3.00477039189 1.10655814708 6.7719911772 
-4.2269820943 13260 -1.51008417627 31612 2.04732172641 1.18248440172 4.93348336334 
-2.87614432395 15010 -0.93030411936 32086 1.20084975531 1.24153815533 3.25264693158 
-1.08859499057 17320 -0.244603369557 32918 0.295980104601 1.31184024297 1.15432841263 
-0.0980944868709 18580 0.0198033098002 33146 -0.0813523335516 1.33433691101 0.128968607063 
-0.00143097328048 18732 0.000294926460148 33042 -0.00142110417406 1.32027649348 0.0020381862574 
0.00273351823384 18748 -0.000588293408964 33030 0.00273550865233 1.33433691101 -0.00391167721786 
0.00134463893916 18752 -0.000302346409793 33020 0.00134878405312 1.30621607596 -0.00192838939277 
-0.00142109332153 18748 0.000298351222019 33018 -0.00143027393869 1.328712744 0.0020381862574 
0.00133448292119 18762 -0.000312709037841 33006 0.00135648591621 1.30340399245 -0.00192838939277 
-0.00073005501364 18764 0.000151432041476 33002 -0.000734396959046 1.33433691101 0.00104654234486 
-0.00072364110346 18756 0.000164086192339 32984 -0.000738017719604 1.30340399245 0.00104654234486 

 
