-0.00346884284023 18774 0.000757627755381 32950 -0.00353899442868 1.35120941204 0.00501311799504 
-0.00484118511883 18780 0.00105736015838 32950 -0.00493909005188 1.34558524503 0.00699640582013 
-0.00484555182256 18772 0.00105132058061 32950 -0.00493609632924 1.34558524503 0.00699640582013 
-0.00484555182256 18782 0.00105132058061 32956 -0.00493609632924 1.34558524503 0.00699640582013 
-0.00759271205957 18760 0.00164736127961 32958 -0.00773459030027 1.35402149555 0.0109629814703 
-0.0034714160214 18776 0.000753836662949 32970 -0.0035372804701 1.35402149555 0.00501311799504 
-0.000724695462308 18784 0.000157371518018 32952 -0.000738445374967 1.31746440998 0.00104654234486 
-0.00553145644072 18788 0.00120118552165 32956 -0.00563640679144 1.33433691101 0.00798804973267 
-0.00484477630094 18792 0.00105206923541 32954 -0.00493669801766 1.34839732854 0.00699640582013 
-0.0034714160214 18782 0.000753836662949 32960 -0.0035372804701 1.31465232647 0.00501311799504 
-0.0034714160214 18774 0.000753836662949 32946 -0.0035372804701 1.31465232647 0.00501311799504 
-0.00896485713958 18786 0.00194676695281 32956 -0.00913495066036 1.328712744 0.0129462692954 
-0.00347110191013 18780 0.000755009292323 32952 -0.00353733862249 1.31746440998 0.00501311799504 
-0.00553095592658 18772 0.0012030540238 32946 -0.00563649945318 1.31746440998 0.00798804973267 
-0.00553095592658 18784 0.0012030540238 32952 -0.00563649945318 1.33433691101 0.00798804973267 
-0.00484910520829 18764 0.00104836592774 32940 -0.00493323443193 1.33433691101 0.00699640582013 
-0.00897286742395 18784 0.0019399142888 32940 -0.00912854158194 1.33714899452 0.0129462692954 
-0.00347451780306 18784 0.000751183140727 32952 -0.00353479871527 1.37089399658 0.00501311799504 
-0.00141263669523 18780 0.0003054089602 32948 -0.00143714514027 1.34277316153 0.0020381862574 
-0.00622369261351 18776 0.00134554871476 32954 -0.0063316701486 1.3315248275 0.00897969364522 
-0.00484910520829 18780 0.00104836592774 32948 -0.00493323443193 1.3315248275 0.00699640582013 
-0.00484704958415 18786 0.00104768742985 32942 -0.00493539823905 1.32027649348 0.00699640582013 
-0.0062210542767 18782 0.00134467788145 32938 -0.00633444733528 1.34277316153 0.00897969364522 
-0.00416004723788 18770 0.000899192204048 32954 -0.00423587369094 1.34277316153 0.00600476190758 
-0.00209829317442 18770 0.000457474447135 32952 -0.00213723039074 1.36245774606 0.00302983016995 
-0.00484532457412 18786 0.00105638821484 32940 -0.00493523739154 1.33996107802 0.00699640582013 
-0.00347180887427 18784 0.000756931330986 32940 -0.00353623389114 1.34277316153 0.00501311799504 
-0.0014115353245 18780 0.000307746005209 32948 -0.00143772864055 1.34277316153 0.0020381862574 
-0.00484532457412 18780 0.00105638821484 32948 -0.00493523739154 1.3821423306 0.00699640582013 
-0.00484532457412 18778 0.00105638821484 32942 -0.00493523739154 1.33714899452 0.00699640582013 
-0.00484532457412 18778 0.00105638821484 32938 -0.00493523739154 1.33996107802 0.00699640582013 
-0.0034741855353 18786 0.000750810002034 32944 -0.0035352045541 1.33996107802 0.00501311799504 
-0.00209972958172 18786 0.000453774836003 32944 -0.00213660827963 1.31746440998 0.00302983016995 
-0.00691032541924 18778 0.00149339791711 32942 -0.00703169524028 1.33433691101 0.00997133755776 
-0.00484864148887 18768 0.00104784516806 32954 -0.00493380082857 1.32590066049 0.00699640582013 
-0.0055339285514 18782 0.00119907129092 32946 -0.00563442999414 1.33996107802 0.00798804973267 
-0.00141200637207 18778 0.000305948348919 32948 -0.00143764976017 1.33714899452 0.0020381862574 
-0.0055339285514 18778 0.00119907129092 32942 -0.00563442999414 1.33714899452 0.00798804973267 
-0.00209899340196 18784 0.000454802172585 32950 -0.00213711313249 1.34558524503 0.00302983016995 
-0.0055339285514 18770 0.00119907129092 32946 -0.00563442999414 1.35120941204 0.00798804973267 
-0.00484899720994 18786 0.00105089573126 32942 -0.00493280230902 1.33996107802 0.00699640582013 
-0.00484639461678 18764 0.00105438446862 32936 -0.00493461518365 1.33714899452 0.00699640582013 
-0.00484639461678 18774 0.00105438446862 32944 -0.00493461518365 1.34839732854 0.00699640582013 
-0.00278566607569 18780 0.000606051152912 32956 -0.00283637450118 1.328712744 0.00402147408249 
-0.00415948510308 18774 0.000904940030049 32952 -0.00423520162283 1.36526982957 0.00600476190758 
-0.00347257558939 18776 0.000755495591481 32948 -0.00353578806201 1.36526982957 0.00501311799504 
-0.00347257558939 18788 0.000755495591481 32946 -0.00353578806201 1.36526982957 0.00501311799504 
-0.00415948510308 18788 0.000904940030049 32934 -0.00423520162283 1.33996107802 0.00600476190758 
-0.00828628239999 18774 0.00179934159345 32948 -0.00842691888308 1.33996107802 0.0119546253828 
-0.0062242249361 18790 0.00135157194432 32946 -0.00632986375731 1.31746440998 0.00897969364522 
-0.00210011000832 18770 0.00045603264605 32942 -0.00213575350577 1.33996107802 0.00302983016995 
-0.00346831594154 18780 0.0007564858508 32950 -0.00353975503663 1.34558524503 0.00501311799504 
-0.00415438285511 18774 0.000906126172375 32938 -0.00423995330394 1.32027649348 0.00600476190758 
-0.00278224902797 18780 0.000606845529225 32946 -0.00283955676931 1.32590066049 0.00402147408249 
-0.00484044976868 18776 0.00105576649395 32952 -0.00494015157126 1.32590066049 0.00699640582013 
-0.00415438285511 18788 0.000906126172375 32942 -0.00423995330394 1.31746440998 0.00600476190758 
-0.00621855899078 18782 0.00135144950082 32938 -0.00633545628087 1.33433691101 0.00897969364522 
-0.00827873935271 18770 0.00179917858498 32952 -0.0084343641843 1.30902815946 0.0119546253828 
-0.00278492505423 18780 0.000605234360557 32946 -0.00283727644181 1.328712744 0.00402147408249 
-0.00347462768569 18776 0.000753770865914 32952 -0.00353413977648 1.33996107802 0.00501311799504 
-0.00347462768569 18780 0.000753770865914 32952 -0.00353413977648 1.33996107802 0.00501311799504 
-0.00759852031652 18760 0.00164839049152 32934 -0.00772866485916 1.328712744 0.0109629814703 
-0.00416194312416 18788 0.000902874136847 32964 -0.00423322729026 1.328712744 0.00600476190758 
-0.0117224129474 18776 0.00254301011712 32946 -0.0119231899418 1.34277316153 0.0169128449456 
-0.00347462768569 18780 0.000753770865914 32942 -0.00353413977648 1.33714899452 0.00501311799504 
-0.00484925856263 18784 0.00105197740778 32946 -0.00493231480404 1.33714899452 0.00699640582013 
-0.00484095786869 18788 0.00105394211614 32954 -0.00494004325176 1.32027649348 0.00699640582013 
-0.00484095786869 18778 0.00105394211614 32940 -0.00494004325176 1.32027649348 0.00699640582013 
-0.00415481893896 18776 0.000904560374923 32956 -0.00423986033724 1.32027649348 0.00600476190758 
-0.00416055432882 18786 0.000900887385223 32954 -0.00423501536748 1.35120941204 0.00600476190758 
-0.00416055432882 18772 0.000900887385223 32960 -0.00423501536748 1.33714899452 0.00600476190758 
-0.00209929606256 18782 0.000454561866313 32952 -0.00213686696127 1.32308857699 0.00302983016995 
-0.00553472650633 18776 0.00119843773116 32956 -0.00563378097162 1.32308857699 0.00798804973267 
-0.00416055432882 18774 0.000900887385223 32938 -0.00423501536748 1.35964566256 0.00600476190758 
-0.000725123885046 18770 0.000157011520373 32944 -0.000738101357125 1.35964566256 0.00104654234486 
-0.00347041970147 18758 0.000754627065953 32936 -0.00353808947303 1.3315248275 0.00501311799504 
-0.00347041970147 18774 0.000754627065953 32954 -0.00353808947303 1.34839732854 0.00501311799504 
-0.00415690275938 18774 0.000903899701653 32954 -0.00423795827553 1.34839732854 0.00600476190758 
-0.00415690275938 18774 0.000903899701653 32954 -0.00423795827553 1.34839732854 0.00600476190758 
-0.00415690275938 18788 0.000903899701653 32952 -0.00423795827553 1.34839732854 0.00600476190758 
-0.00141187886864 18766 0.000306425033111 32950 -0.00143767346058 1.3315248275 0.0020381862574 
-0.00141187886864 18766 0.000306425033111 32950 -0.00143767346058 1.3315248275 0.0020381862574 
-0.00415957884992 18768 0.000902768017235 32962 -0.00423557307399 1.32308857699 0.00600476190758 
-0.00141187886864 18776 0.000306425033111 32952 -0.00143767346058 1.35120941204 0.0020381862574 
-0.00484650384524 18774 0.00105185376327 32958 -0.00493504797734 1.34277316153 0.00699640582013 
-0.00415957884992 18782 0.000902768017235 32960 -0.00423557307399 1.35964566256 0.00600476190758 
-0.0034726538546 18788 0.000753682271204 32958 -0.00353609817064 1.34277316153 0.00501311799504 
-0.00209878954557 18784 0.000456522581866 32940 -0.00213694652117 1.34277316153 0.00302983016995 
-0.0048464707816 18780 0.00105419019207 32944 -0.00493458188724 1.36245774606 0.00699640582013 
-0.0041595504726 18786 0.000904773289517 32954 -0.00423517304573 1.31184024297 0.00600476190758 
-0.00278626562423 18786 0.000603659661564 32944 -0.00283629559115 1.31184024297 0.00402147408249 
-0.00484743768825 18790 0.00105022384402 32958 -0.00493447789901 1.32308857699 0.00699640582013 
-0.00484743768825 18780 0.00105022384402 32944 -0.00493447789901 1.328712744 0.00699640582013 
-0.00553449504293 18792 0.00119907857151 32964 -0.00563387200163 1.34839732854 0.00798804973267 
-0.00553449504293 18772 0.00119907857151 32954 -0.00563387200163 1.35402149555 0.00798804973267 
-0.00347332297891 18772 0.000752514389049 32954 -0.00353568969377 1.35402149555 0.00501311799504 
-0.00347332297891 18778 0.000752514389049 32960 -0.00353568969377 1.32308857699 0.00501311799504 
-0.00828351762133 18778 0.00179538624573 32960 -0.00843047994422 1.32308857699 0.0119546253828 
-0.00209940929127 18778 0.000455030186209 32960 -0.00213665603598 1.32308857699 0.00302983016995 
-0.00209940929127 18786 0.000455030186209 32952 -0.00213665603598 1.35683357905 0.00302983016995 
-0.00484596441467 18790 0.00105601483956 32956 -0.00493468904291 1.33996107802 0.00699640582013 
-0.00278668274598 18778 0.000604580237893 32936 -0.00283568965251 1.35402149555 0.00402147408249 
-0.00621889393425 18786 0.00135283784991 32942 -0.00633483116967 1.328712744 0.00897969364522 
-0.00141298069931 18786 0.000306559841538 32952 -0.00143656180752 1.30059190895 0.0020381862574 
-0.00484464849209 18778 0.00105243750761 32952 -0.00493674494789 1.37089399658 0.00699640582013 
-0.013689223486 18794 0.00385785273998 32958 -0.0139012874939 1.37370608008 0.0198877766832 
-0.0923980719959 18998 0.235176108888 33064 -0.35578187833 1.31465232647 0.436378219952 
0.3160856929 19878 0.653220621069 33926 -1.43772505777 1.328712744 1.6104846124 
0.845580829768 20860 1.17441866843 34740 -2.23501068117 1.35964566256 2.66261880361 
1.44039109558 21746 1.9960676718 35362 -3.04828226361 1.30340399245 3.9180399969 
1.67541327376 22048 2.38853274745 35856 -3.57982182099 1.28934357492 4.61814059915 
1.91062863601 22426 2.91028504355 36442 -4.07661548534 1.23872607183 5.36088188965 
2.06457853917 22642 3.2027796901 36804 -4.35573518976 1.24997440585 5.78728877204 
2.21173009758 22886 3.51182002344 37172 -4.72257462878 1.12905481512 6.28707730396 
2.37119107087 23030 3.76233442752 37526 -5.01731095213 1.14311523265 6.70455939115 
2.35534512105 23016 3.88075540962 37662 -5.25665844267 1.03906814295 6.94552886189 
2.56691744674 23274 4.15117389276 38036 -5.50500117629 0.965953971811 7.3570610856 
2.79524422959 23544 4.4295745074 38480 -5.99521127241 0.878779383146 7.96097222834 
2.89703882303 23640 4.65937049242 38824 -6.19503100851 0.82816188005 8.27532334862 
3.1019617745 23850 5.20432343729 39608 -6.61663797899 0.732551040868 8.97145737522 
3.19250483842 23946 5.57879311465 40102 -7.12811118482 0.667873120245 9.59817632795 
3.33954123977 24074 5.97744722168 40650 -7.64048682973 0.420409771776 10.2596028176 
3.3819887266 24054 6.13703965876 40838 -7.94790793707 0.0632751665979 10.595770104 
3.31721424078 23986 6.16182293496 40872 -7.95866852886 0.0660872501032 10.5977533918 
3.02060039561 23712 5.54025026536 39932 -7.25074375877 0.0576509995872 9.61205934273 
2.80944737744 23606 4.98073264419 39008 -6.72901033951 0.00140932948045 8.83064393964 
2.58184148483 23386 4.59742209091 38350 -6.31223487778 0.0464026655658 8.22474950908 
2.46103603501 23306 4.3410691429 37922 -5.65047642804 0.0604630830925 7.5385319216 
2.29834010339 23204 4.09325468071 37496 -5.25267569139 0.0126576635018 7.04469325315 
2.03446187667 22982 3.63266555155 36640 -4.53063375913 0.0520268325765 6.15320537577 
1.72095634031 22666 3.00809462145 35534 -3.76332006269 0.0492147490712 5.11594584325 
1.21325421734 22006 2.32129113904 34470 -2.93783057638 0.0464026655658 3.93588958732 
0.833990040446 21536 1.67673996555 33576 -2.19295437366 0.0464026655658 2.88375539611 
0.55419607202 21150 1.1550260031 32858 -1.58229891258 0.0239059975231 2.03589985089 
0.213083219928 20716 0.609693650179 32118 -0.882808618921 -0.00702692103556 1.09383813397 
-0.0861388795328 20024 0.0636937463077 31516 -0.192382880581 0.0435905820605 0.220199847017 
-0.0216680445621 19928 0.0075302044831 31484 -0.0287060975845 0.0801476676299 0.0367457231965 
-0.00690815408082 19922 0.00162462314494 31458 -0.00835613364845 0.0239059975231 0.0109629814703 
-0.00326383232418 19898 0.000639139309058 31446 -0.00375103339567 0.0154697470071 0.00501311799504 
0.00422680460189 19900 -0.000747639528195 31428 0.00538521502814 0.0267180810285 -0.0068866089555 
0.123016550493 20168 -0.146693975823 30540 -0.357616262742 0.0688993336085 0.405637258663 
1.22708418701 21256 -1.2079895821 28322 -1.51232140727 0.0520268325765 2.29174398032 
1.907074425 22056 -1.83673728337 27116 -2.29892584762 0.178570590317 3.50650777319 
2.5850144793 22974 -2.45947460932 26116 -3.07357575259 0.0998322521672 4.70937183911 
3.0451118102 23800 -2.98627262035 25356 -3.63030294385 0.136389337737 5.60085971648 
3.41326384378 24508 -3.53131298412 24590 -4.10069167324 0.203879341865 6.39814142217 
3.98086143444 25282 -4.19365150147 23870 -4.80747099377 0.12232892021 7.51969068726 
4.30986359796 25682 -4.7620894942 23376 -5.2667147005 0.142013504747 8.30606430991 
4.59537075114 25824 -5.27368134365 23036 -5.60179156115 -0.00140275402489 8.9615409361 
4.79470772073 26254 -5.41973387561 22704 -5.93093801247 -2.27075414283 9.35621521329 
5.01439120886 26568 -5.74401821573 22340 -6.33095736024 -2.24544539128 9.9105441604 
5.29697990076 26908 -6.07219725674 21644 -6.78539990677 -3.36465462641 10.5342881814 
5.51334786144 27294 -6.33406820846 21510 -7.11794292293 -3.37309087692 11.0082939716 
5.79008215026 27768 -6.53221363502 21048 -7.56770511602 -4.28420593265 11.5527064796 
5.58140685613 27480 -6.46312917989 21104 -7.40468923363 -4.43324635844 11.3028122136 
4.959673503 26678 -6.03528896852 21582 -6.87377216153 -4.50073636256 10.4053744728 
4.40690212687 25804 -5.3230720235 22584 -6.18164379408 -4.53448136463 9.27192548072 
3.94802476199 24988 -4.61326129563 23810 -5.69951874453 -4.54572969865 8.32788047598 
3.43251610497 24360 -3.78245629857 25120 -4.95333273009 -4.56822636669 7.11509997094 
2.53597554525 23392 -2.87594471074 26928 -3.88992764256 -4.60197136876 5.46202956873 
1.53819173144 22290 -1.57385926986 29314 -2.34913818814 -4.59072303473 3.21893103855 
0.586523825579 21160 -0.656899092098 31090 -1.08227980125 -4.63852845433 1.39529788338 
-0.0279748217769 20072 -0.0106903789691 32382 -0.0799087289334 -4.61603178628 0.0853362749111 
-0.0651768734356 19926 0.00597401240022 32516 -0.121370823249 -4.59634720175 0.137893402276 
0.0688428820432 19898 -0.0179741109036 32642 0.0839133834818 -4.61040761927 -0.11001757586 
0.0185640848306 19834 -0.00385735134442 32664 0.0228528797185 -4.60197136876 -0.029694418944 
-0.0145560329067 19824 0.00223796085838 32648 -0.0187654886017 -4.62165595329 0.0238543523334 
0.0167440457606 19852 -0.000424722535169 32568 0.0233089218292 -4.61603178628 -0.0287027750315 
0.0108424329078 19874 0.000274257830903 32532 0.0165388910446 -4.6244680368 -0.0197779798186 
0.00590963439193 19874 0.000255568564322 32504 0.00909958911971 -4.60759553577 -0.0108531846057 
-0.00598406524203 19872 -0.000566631774625 32520 -0.00916825252321 -4.64696470484 0.0109629814703 
0.00762076171052 19888 0.000721752580015 32514 0.0115160698925 -4.63009220381 -0.0138281163433 
0.00400674381743 19874 0.000748162637919 32490 0.00555082332224 -4.63571637082 -0.0068866089555 
-0.0524758383845 19886 -0.0283717049784 32404 -0.0866134141995 -4.6244680368 0.105169153162 
-0.0426871968508 20014 -0.202957714954 32066 -0.161465526165 -4.61603178628 0.262840535257 
-0.294215551032 19716 -1.19354123257 30128 -0.0322842173382 -4.63290428731 1.22969334999 

 
