-0.00779075338316 19398 -0.000710189566056 31876 -0.0103153129459 -4.35169593678 0.0129462692954 
-0.00779075338316 19400 -0.000710189566056 31870 -0.0103153129459 -4.33201135224 0.0129462692954 
-0.0101777431762 19388 -0.000927782802799 31854 -0.0134757963424 -4.34607176977 0.0169128449456 
-0.00839649721836 19400 -0.000775087126809 31864 -0.0110979051627 -4.31795093472 0.0139379132079 
-0.00839649721836 19414 -0.000775087126809 31860 -0.0110979051627 -4.34607176977 0.0139379132079 
-0.011980822316 19404 -0.0011059589379 31866 -0.0158354164095 -4.34044760276 0.0198877766832 
-0.00779910970209 19398 -0.000719941824961 31866 -0.0103083199549 -4.32076301822 0.0129462692954 
-0.00899388473463 19406 -0.000830232428658 31846 -0.0118874903705 -4.3601321873 0.0149295571205 
-0.00839649721836 19406 -0.000775087126809 31846 -0.0110979051627 -4.3601321873 0.0139379132079 
-0.0131680384175 19400 -0.00120928180021 31872 -0.0174207882855 -4.32076301822 0.0218710645083 
-0.0101828144628 19406 -0.000935134893626 31862 -0.0134714563615 -4.32076301822 0.0169128449456 
-0.00898872488094 19400 -0.000825476130992 31864 -0.0118917235919 -4.31232676771 0.0149295571205 
-0.00958576967188 19404 -0.000880305512309 31870 -0.0126815899767 -4.39106510586 0.015921201033 
-0.0101785493473 19402 -0.00092924827068 31870 -0.0134750864557 -4.39106510586 0.0169128449456 
-0.00838816519884 19400 -0.000765795570588 31876 -0.0111048487758 -4.34607176977 0.0139379132079 
-0.00838816519884 19404 -0.000765795570588 31860 -0.0111048487758 -4.34607176977 0.0139379132079 
-0.0107753440635 19398 -0.000983732504044 31868 -0.0142651656823 -4.34607176977 0.0179044888581 
-0.008984959915 19414 -0.000820279803952 31878 -0.0118949280024 -4.34607176977 0.0149295571205 
-0.0101785493473 19384 -0.00092924827068 31854 -0.0134750864557 -4.37419260482 0.0169128449456 
-0.0149631180113 19384 -0.00137271233655 31866 -0.019787478103 -4.34607176977 0.0248459962459 
-0.00899109550039 19406 -0.000824840631694 31872 -0.0118899754183 -4.34607176977 0.0149295571205 
-0.0113799045047 19398 -0.00104398931364 31864 -0.0150489764922 -4.34607176977 0.0188961327707 
-0.00779669099822 19404 -0.000715266290722 31862 -0.0103104748814 -4.31795093472 0.0129462692954 
-0.0107884005294 19396 -0.000985724591904 31860 -0.0142551563414 -4.31795093472 0.0179044888581 
-0.0113859183807 19392 -0.00104031915748 31860 -0.0150446811985 -4.3601321873 0.0188961327707 
-0.0131784719345 19392 -0.00120410285419 31860 -0.01741325577 -4.3629442708 0.0218710645083 
-0.00899584697548 19406 -0.000821940895187 31866 -0.0118865817699 -4.3629442708 0.0149295571205 
-0.00899584697548 19406 -0.000821940895187 31866 -0.0118865817699 -4.3629442708 0.0149295571205 
-0.011983436232 19402 -0.00109491372305 31868 -0.0158342060557 -4.36856843781 0.0198877766832 
-0.0083866508863 19402 -0.000771959454993 31868 -0.0111055657264 -4.36856843781 0.0139379132079 
-0.00778996390928 19392 -0.00071703667833 31862 -0.0103154354907 -4.34044760276 0.0129462692954 
-0.00778996390928 19396 -0.00071703667833 31862 -0.0103154354907 -4.34607176977 0.0129462692954 
-0.00958002484035 19404 -0.00088180500832 31854 -0.0126858261978 -4.34607176977 0.015921201033 
-0.0107733987944 19402 -0.000991650561647 31862 -0.0142660866691 -4.37419260482 0.0179044888581 
-0.00839224266302 19400 -0.000761822829939 31862 -0.0111020409679 -4.36856843781 0.0139379132079 
-0.0101834971123 19408 -0.000924427581556 31862 -0.0134716793445 -4.37138052132 0.0169128449456 
-0.0095864122959 19402 -0.000870225997684 31856 -0.0126817998857 -4.37138052132 0.015921201033 
-0.0113776667452 19392 -0.0010328307493 31846 -0.0150514382623 -4.35732010379 0.0188961327707 
-0.0113776667452 19404 -0.0010328307493 31862 -0.0150514382623 -4.33482343575 0.0188961327707 
-0.0101862247054 19398 -0.000929001762582 31866 -0.0134693023624 -4.3601321873 0.0169128449456 
-0.0107834694477 19404 -0.000983471542538 31848 -0.0142590424526 -4.3601321873 0.0179044888581 
-0.0095889799631 19394 -0.000874531982627 31856 -0.0126795622721 -4.34044760276 0.015921201033 
-0.0143669379014 19394 -0.00131029022227 31856 -0.0189974829942 -4.34888385328 0.0238543523334 
-0.0113794872785 19402 -0.00104406609325 31854 -0.0150492866595 -4.35169593678 0.0188961327707 
-0.0101851265672 19402 -0.000934483693697 31854 -0.0134697535682 -4.35169593678 0.0169128449456 
-0.0107823069228 19394 -0.000989274893474 31848 -0.0142595201138 -4.34888385328 0.0179044888581 
-0.00719922478921 19394 -0.000660527694807 31856 -0.00952092084008 -4.37700468833 0.0119546253828 
-0.00719922478921 19396 -0.000660527694807 31866 -0.00952092084008 -4.33201135224 0.0119546253828 
-0.0107747858861 19392 -0.000972856911007 31856 -0.0142663330891 -4.33201135224 0.0179044888581 
-0.0107747858861 19396 -0.000972856911007 31868 -0.0142663330891 -4.34607176977 0.0179044888581 
-0.0113715496875 19408 -0.00102673879734 31854 -0.0150564769728 -4.34607176977 0.0188961327707 
-0.0113715496875 19408 -0.00102673879734 31862 -0.0150564769728 -4.34044760276 0.0188961327707 
-0.00958125828331 19412 -0.000865093138332 31864 -0.0126860453217 -4.31795093472 0.015921201033 
-0.00959634476285 19398 -0.000888986770401 31864 -0.0126729835496 -4.3601321873 0.015921201033 
-0.010791751673 19376 -0.000999726948528 31846 -0.0142516442254 -4.3601321873 0.0179044888581 
-0.0113894551281 19390 -0.00105509703759 31858 -0.0150409745632 -4.33201135224 0.0188961327707 
-0.0101940482179 19402 -0.000944356859464 31874 -0.0134623138875 -4.3067026007 0.0169128449456 
-0.0101940482179 19398 -0.000944356859464 31860 -0.0134623138875 -4.3067026007 0.0169128449456 
-0.0137802689485 19404 -0.00127657739385 31848 -0.0181982959147 -4.37419260482 0.0228627084208 
-0.0137613274447 19398 -0.00125326952574 31858 -0.0182142421965 -4.37419260482 0.0228627084208 
-0.0119706817778 19400 -0.00109019211517 31862 -0.0158441762275 -4.37419260482 0.0198877766832 
-0.00838939044399 19408 -0.000764037294026 31866 -0.0111040442895 -4.36575635431 0.0139379132079 
-0.0107769179998 19392 -0.000981473841457 31868 -0.0142641322482 -4.36575635431 0.0179044888581 
-0.0113789766627 19396 -0.00103645605165 31852 -0.0150501987578 -4.33201135224 0.0188961327707 
-0.0101846695444 19382 -0.000927672381817 31852 -0.0134705699351 -4.33201135224 0.0169128449456 
-0.00839320886687 19406 -0.000764496877065 31858 -0.0111011267011 -4.33201135224 0.0139379132079 
-0.00899036242605 19396 -0.000818888711982 31854 -0.0118909411124 -4.33201135224 0.0149295571205 
-0.0107818231036 19412 -0.000982064216735 31882 -0.0142603843464 -4.33201135224 0.0179044888581 
-0.0119761302219 19398 -0.00109084788657 31864 -0.0158400131691 -4.31513885121 0.0198877766832 
-0.00720477977122 19400 -0.000671404470971 31870 -0.00951595673218 -4.36575635431 0.0119546253828 
-0.010192985496 19406 -0.000949871647973 31860 -0.0134627305805 -4.34888385328 0.0169128449456 
-0.0119859089309 19392 -0.00111695195417 31864 -0.0158307948895 -4.34325968627 0.0198877766832 
-0.0119859089309 19408 -0.00111695195417 31856 -0.0158307948895 -4.34607176977 0.0198877766832 
-0.00600758397246 19410 -0.000551264218963 31864 -0.00793930823596 -4.34607176977 0.00997133755776 
-0.00899483821035 19414 -0.000825378801772 31874 -0.0118871069322 -4.34607176977 0.0149295571205 
-0.0107871907531 19386 -0.000989847551457 31860 -0.0142557861499 -4.3629442708 0.0179044888581 
-0.00959228905794 19404 -0.000880201718334 31854 -0.0126766666714 -4.3629442708 0.015921201033 
-0.0107871907531 19404 -0.000989847551457 31854 -0.0142557861499 -4.32919926874 0.0179044888581 
-0.00840373334821 19408 -0.000773180055466 31864 -0.011092559804 -4.32919926874 0.0139379132079 
-0.00959953804193 19406 -0.000883199293478 31862 -0.0126709696047 -4.33201135224 0.015921201033 
-0.00900163569507 19406 -0.000828189674472 31862 -0.0118817647044 -4.33201135224 0.0149295571205 
-0.0101974403888 19408 -0.000938208912484 31866 -0.0134601745051 -4.36575635431 0.0169128449456 
-0.0125890497762 19402 -0.00115824738851 31870 -0.0166169941064 -4.33482343575 0.0208794205958 
-0.00719484041829 19392 -0.000656779195352 31868 -0.00952449371296 -4.35450802029 0.0119546253828 
-0.00838847375669 19408 -0.000765739713996 31856 -0.0111046195484 -4.35450802029 0.0139379132079 
-0.0101789237643 19406 -0.000929180491963 31860 -0.0134748083017 -4.35450802029 0.0169128449456 
-0.00838847375669 19414 -0.000765739713996 31838 -0.0111046195484 -4.35450802029 0.0139379132079 
-0.00898529042589 19416 -0.000820219973318 31850 -0.0118946824662 -4.38544093885 0.0149295571205 
-0.0107757404335 19416 -0.000983660751285 31850 -0.0142648712194 -4.38544093885 0.0179044888581 
-0.0107757404335 19400 -0.000983660751285 31850 -0.0142648712194 -4.33763551925 0.0179044888581 
-0.00779582556694 19402 -0.000716834873061 31854 -0.010311020326 -4.32919926874 0.0129462692954 
-0.00899009749043 19416 -0.000826649511077 31860 -0.0118906044216 -4.32919926874 0.0149295571205 
-0.00839296152869 19398 -0.000771742192069 31860 -0.0111008123738 -4.35169593678 0.0139379132079 
-0.00958723345218 19402 -0.000881556830086 31864 -0.0126803964695 -4.34044760276 0.015921201033 
-0.00779317296883 19412 -0.000714864096269 31850 -0.0103131621276 -4.3601321873 0.0129462692954 
-0.0143594335597 19412 -0.00131718409635 31850 -0.0190026792623 -4.3601321873 0.0238543523334 
-0.00839010574982 19422 -0.000769620459913 31862 -0.0111031182308 -4.36575635431 0.0139379132079 
-0.00898703853081 19410 -0.000824376823556 31860 -0.0118930743339 -4.34325968627 0.0149295571205 
-0.0125686352167 19410 -0.00115291500542 31860 -0.0166328109528 -4.34325968627 0.0208794205958 
-0.0101809040928 19406 -0.000933889550843 31852 -0.0134729865402 -4.3629442708 0.0169128449456 
-0.00779284805297 19416 -0.000712277131793 31860 -0.0103135866303 -4.36575635431 0.0129462692954 
-0.00779759523727 19396 -0.000716336748661 31858 -0.01030971672 -4.32357510173 0.0129462692954 
-0.01018046111 19386 -0.000930494142457 31864 -0.0134735561895 -4.3601321873 0.0169128449456 
-0.00839261193731 19402 -0.000768957713409 31864 -0.0111012699047 -4.33763551925 0.0139379132079 
-0.0113751406755 19386 -0.0010374119253 31864 -0.015053032412 -4.35732010379 0.0188961327707 
-0.0125637452779 19392 -0.00114128777814 31868 -0.0166373066094 -4.35732010379 0.0208794205958 
-0.0369218339768 19374 -0.00161786056601 31892 -0.0516620259902 -4.35450802029 0.0635201088352 
-0.149786501899 19494 0.161421732338 32216 -0.4097052935 -4.33482343575 0.465135893416 
-0.190980727475 19612 0.575484918888 32874 -0.714569330897 -4.32357510173 0.937158395787 
0.263194604063 20558 1.43784644933 34404 -1.31840536665 -4.31795093472 1.96846806483 
0.863684068722 21348 2.42918131909 35866 -1.92236875478 -4.27295759863 3.21595610681 
1.31980590397 21882 3.29688222173 37458 -2.36396891146 -4.28983009966 4.2661070102 
1.634840908 22304 3.95272245068 38518 -2.76100291116 -4.26170926461 5.09115474544 
2.00029293645 22798 4.61887988075 39468 -3.0844543885 -4.25327301409 5.90331110981 
2.40721145939 23302 5.3742936541 40480 -3.4570097163 -4.24483676358 6.82851488021 
2.73205116547 23732 6.23065687491 41502 -3.80153282947 -4.17172259244 7.79338440712 
3.01748964262 24034 7.02942123795 42584 -4.06577601781 -4.202655511 8.66305611842 
3.12259684702 24158 7.67622285815 43378 -4.28957662082 -4.21390384502 9.33142411548 
3.18894113899 24202 8.29927880984 43982 -4.37179067081 -4.22234009554 9.90756922866 
3.4167086107 24346 9.10451672269 44756 -4.42518902333 -4.26170926461 10.6840264122 
3.67298966926 24518 10.1485278653 45458 -4.54672461804 -4.22234009554 11.7113695056 
3.69137162494 24458 10.5351455217 45594 -4.70456390353 -4.33482343575 12.1139769341 
-0.00815484513032 19928 0.000746974056365 30732 -0.0112785617546 -4.22796426255 0.0139379132079 
-0.0098318300432 19944 0.00125854291547 30728 -0.0149104630713 -4.22515217904 0.0179044888581 
-0.00967223521119 19934 0.000310130364509 30740 -0.0126426392621 -4.24483676358 0.015921201033 
-0.00730284647814 19938 0.000685159704856 30734 -0.0106679369217 -4.23077634605 0.0129462692954 
-0.0083082432284 19948 0.000595207764597 30734 -0.0123899353505 -4.22796426255 0.0149295571205 
-0.0089543509038 19934 0.000359812178351 30740 -0.0119407625762 -4.24483676358 0.0149295571205 
-0.00625394991259 19954 0.000373854259009 30734 -0.00899640518218 -4.27576968214 0.0109629814703 
-0.00694632403266 19918 0.000333207730796 30734 -0.00972371446957 -4.23921259657 0.0119546253828 
-0.0777904949941 20102 0.0502370031383 30702 -0.353037079259 -4.26733343162 0.364979858249 
0.427309697143 20426 0.135237197046 30738 -1.6652624974 -4.26452134812 1.72452366235 
1.27756852962 21276 0.518867631207 30908 -2.18565611312 -4.18578300997 2.58427893452 
2.21933311721 22544 1.33507683554 32302 -3.38121592603 -4.16328634192 4.25916550281 
3.22405983172 24086 2.33575818311 34242 -4.41633498461 -4.11266883883 5.94595179805 
3.81697045852 24994 3.11818123275 35424 -5.13150366998 -4.03955466769 7.11509997094 
4.3408622452 25760 3.99053692973 36922 -5.86694602831 -4.03393050068 8.31796403686 
4.56722179611 26082 4.56536838002 37906 -6.21918174386 -4.09017217078 8.96550751175 
5.00389507298 26702 5.02942844611 38500 -6.86152667116 -4.07048758625 9.86988675999 
5.48511497815 27432 5.09648783744 38450 -7.72406328337 -4.05923925223 10.7574080617 
5.15728704738 27192 4.45994253126 37504 -6.9109621425 -4.09298425429 9.70824880224 
4.27969603485 26152 3.47011777768 35752 -6.1238232931 -4.14078967388 8.23764087994 
3.5875408155 25204 2.61999540619 34124 -5.41495089498 -4.15485009141 7.00403585273 
2.57522942636 23818 1.76552609434 32804 -4.23518382655 -4.22796426255 5.26171749839 
1.57096363402 22632 0.907706006415 31674 -2.81003507964 -4.19984342749 3.34486981544 
0.831094816819 21686 0.381385122445 30910 -1.66440050958 -4.29826635018 1.89905299096 
0.491932702477 21178 0.153692323116 30658 -1.19034217963 -4.26733343162 1.29712513604 
0.464429931459 21136 0.0403982631471 30444 -1.30985388494 -4.21671592853 1.39033966382 
0.0105584336129 20438 -0.044049698411 30098 -0.356161031974 -4.27295759863 0.359029994773 
-0.0723244348266 20072 -0.00813228251864 30376 -0.146604645982 -4.28139384915 0.163676144002 
-0.00708828337474 20072 -0.000261799469025 30402 -0.0119980466923 -4.29545426667 0.0139379132079 
-0.00991732296714 20052 0.00168099555735 30448 -0.0182967528134 -4.28139384915 0.0208794205958 
-0.00751164546559 20020 0.000115026546503 30438 -0.0117399904551 -4.26733343162 0.0139379132079 
-0.00710818496021 20034 0.000170126066119 30434 -0.01198791843 -4.26170926461 0.0139379132079 
-0.00744715408772 20010 0.000118529744991 30456 -0.0117809707276 -4.26170926461 0.0139379132079 
-0.00765922182089 20010 0.000161483628155 30458 -0.0128141296993 -4.28139384915 0.0149295571205 
-0.0526625654341 20014 -2.50963554264e-05 30440 -0.0864211505773 -4.28701801616 0.101202577512 
-0.117691585349 20066 -0.306725115578 29686 -0.796715984031 -4.28139384915 0.861793458434 
0.154893916425 20380 -1.38063063101 27882 -2.03893680209 -4.23921259657 2.46726495284 
1.05513051615 21142 -2.16579608502 26472 -3.73267947445 -4.21952801203 4.44261962663 
1.93467581736 22002 -2.90995800096 25248 -4.55337387571 -4.202655511 5.73968986424 
2.63522717153 22818 -3.46399233216 24332 -5.5178622649 -4.15485009141 7.02783530664 
3.06003200467 23498 -4.13298846446 23512 -6.71231756477 -4.12954133986 8.4558025407 
3.54940607477 23960 -4.46554202231 23172 -7.55952159688 -4.23640051306 9.47025426323 
4.12361096273 24752 -5.20853632496 22390 -8.89069341117 -4.18859509347 11.0985335676 
4.63660212399 25730 -5.5879251053 22402 -9.6644426944 -4.63571637082 12.0881941923 
4.89038687637 26228 -5.96010198936 21878 -10.5698295837 -5.92927478328 13.0828130366 
5.2071180964 26570 -6.39315928843 21600 -11.4918471643 -6.91350401014 14.1438720231 
5.57160233977 27158 -6.65139886358 21392 -11.976787784 -7.56871946689 14.7894322101 
5.68242491774 27526 -6.52617166241 21506 -12.0815320126 -7.75994114525 14.8608305718 
5.16383756801 26698 -6.08151694437 22194 -10.904244372 -7.75994114525 13.5112032069 
4.1790604571 25202 -4.84374739922 24116 -8.90124375052 -7.82743114938 10.9616867077 
3.03100680107 23792 -3.49827701685 26264 -6.33390041529 -7.80493448134 7.84494989057 
2.18896436349 22934 -2.65379857138 27832 -5.28255504468 -7.82743114938 6.30393525048 
1.26788908343 21832 -1.72954064416 29292 -3.6108653028 -7.83024323288 4.19966686806 
0.303128095616 20448 -0.90728714293 30070 -1.90323279326 -7.82743114938 2.13010602258 
-0.161409825928 19536 -0.0921821125532 30868 -0.278978210176 -7.54341071534 0.335230540872 
-0.0347696140738 19714 -0.00361222905143 31070 -0.0553960351692 -7.45904821018 0.0655033966603 
0.00123411296789 19706 5.39852336197e-05 31130 0.00148078912313 -7.44498779265 -0.00192838939277 
-0.00389945824527 19672 -0.000715467812293 31096 -0.00450993312253 -7.4702965442 0.00600476190758 
-0.00840053343698 19694 0.001611952448 31164 -0.0110044569094 -7.39155820605 0.0139379132079 
-0.00314387105823 19676 0.000280382086223 31134 -0.0038947159957 -7.45061195966 0.00501311799504 
-0.00427961240305 19678 -0.000116902861054 31108 -0.00553361959305 -7.42811529162 0.00699640582013 
-0.0588321698774 19564 0.0017009058437 31218 -0.038739154193 -7.46467237719 0.070461616223 
-1.14518114395 18344 0.0597350468924 31550 -0.0385821466276 -7.45342404317 1.14738690525 
-1.27249353891 18338 -0.704653141155 30254 -0.0256330503615 -7.32969236893 1.45479651814 
-1.53352940918 17802 0.203517450455 31772 -0.0566250547741 -7.37749778852 1.54801104591 
-2.2195028379 17282 0.265196855364 31626 0.941854721341 -7.24532986377 2.42561590852 
-2.93125833234 16036 -0.0421626944418 31188 1.18871359018 -7.2059606947 3.16339897945 
-3.98257751692 14626 -0.0957490834752 31220 1.86106224218 -7.17502777614 4.39700400665 
-4.86853867152 13466 -0.12402969528 31258 2.5401724221 -7.13284652356 5.49277053002 
-5.28610653252 12902 -0.072872369405 31386 2.84488753828 -7.19752444418 6.00346714498 
-5.9416845621 12112 -0.160869649057 31304 3.27392639957 -7.12441027304 6.78587419197 
-6.74634092136 11370 -0.272325079038 31234 4.01004928815 -6.31734230701 7.85288304187 
-6.30256508186 11382 -0.203698448343 31076 3.64529374104 -6.11206021112 7.28367943607 
-4.03524778104 14226 0.189144736407 31468 1.86063115965 -6.01926145545 4.44757784619 
-3.17489586743 15370 0.215292750788 31414 1.33012556506 -5.91521436575 3.44899242626 
-2.71044655018 16010 0.157466109736 31340 1.05970417579 -5.89271769771 2.9144963574 
-2.26085500023 16780 0.170506315012 31358 0.813373950902 -5.76054977296 2.408757962 
-1.78053124069 17154 0.112723431929 31292 0.530756205846 -5.87303311317 1.86137052228 
-0.247651423815 19218 0.0254101142642 31296 -0.00171621075432 -5.77179810698 0.248957520481 
-0.024600617655 19618 0.0035739695489 31176 -0.0309801029864 -5.73524102141 0.0397206549341 
-0.00640091869972 19640 0.00047341248058 31154 -0.00763096934299 -5.73524102141 0.00997133755776 
-0.00639658775275 19652 0.00058252444686 31134 -0.00762705074593 -5.74367727192 0.00997133755776 
-0.00539908237728 19662 0.000674342031409 31126 -0.00714353345831 -5.73805310491 0.00897969364522 
-0.00541708581265 19646 0.000666784351446 31110 -0.00713060150962 -5.71555643687 0.00897969364522 
-0.00666878109024 19636 0.000779536327919 31138 -0.00866640897963 -5.7296168544 0.0109629814703 
-0.00432447990234 19656 0.000455368650622 31132 -0.00548098598485 -5.7296168544 0.00699640582013 
-0.00488530180389 19648 0.000555945498862 31122 -0.00629552931999 -5.71274435336 0.00798804973267 
-0.00307735860806 19672 0.000344351600048 31136 -0.00394241525021 -5.78023435749 0.00501311799504 
-0.00373333396328 19650 0.000384971069698 31130 -0.00468734256919 -5.74648935543 0.00600476190758 
-0.00375813979332 19672 0.000368653659229 31118 -0.0046687948488 -5.71274435336 0.00600476190758 
-0.00370543490059 19668 0.000393421674983 31128 -0.00470872988712 -5.70712018635 0.00600476190758 
-0.00492816844807 19684 0.000528280622374 31132 -0.00626442446383 -5.74648935543 0.00798804973267 

 
