-0.00859517624646 18824 0.00118634721599 30516 -0.010907838932 0.0295301645338 0.0139379132079 
-0.00798365326774 18846 0.00110194189811 30520 -0.01013177641 -0.00140275402489 0.0129462692954 
-0.0067606073103 18838 0.00093313126235 30512 -0.00857965136595 -0.00140275402489 0.0109629814703 
-0.0067606073103 18850 0.00093313126235 30510 -0.00857965136595 0.0182818305125 0.0109629814703 
-0.00614908433158 18836 0.00084872594447 30508 -0.00780358884393 -0.00140275402489 0.00997133755776 
-0.0110412681613 18844 0.00152396848751 30522 -0.0140120890202 0.0239059975231 0.0179044888581 
-0.0098182222039 18838 0.00135515785175 30512 -0.0124599639761 0.0520268325765 0.015921201033 
-0.00675759816013 18848 0.000933632529557 30506 -0.0085819671477 0.0520268325765 0.0109629814703 
-0.00431259500216 18830 0.000595829891836 30508 -0.00547687917406 0.0126576635018 0.00699640582013 
-0.00431259500216 18840 0.000595829891836 30510 -0.00547687917406 0.0351543315445 0.00699640582013 
-0.00920260131811 18836 0.00127143516728 30506 -0.0116870551213 0.0435905820605 0.0149295571205 
-0.00614829340352 18840 0.000849391775247 30514 -0.00780413957636 -0.0267115055729 0.00997133755776 
-0.00675973772488 18834 0.000933863309624 30508 -0.00858025686841 0.0323422480391 0.0109629814703 
-0.00798262636762 18838 0.00110280637838 30522 -0.0101324914525 0.0267180810285 0.0129462692954 
-0.00614829340352 18842 0.000849391775247 30520 -0.00780413957636 0.0267180810285 0.00997133755776 
-0.00553684908215 18836 0.000764920240871 30510 -0.0070280222843 0.0210939140178 0.00897969364522 
-0.00859407068898 18830 0.00118727791275 30510 -0.0109086087446 0.0520268325765 0.0139379132079 
-0.0110538568047 18830 0.00151718855918 30510 -0.014002896482 -0.0098390045409 0.0179044888581 
-0.00738053558432 18844 0.00101300969851 30502 -0.0093495761339 0.0267180810285 0.0119546253828 
-0.00554387497411 18842 0.000760920268174 30510 -0.00702291595983 0.0267180810285 0.00897969364522 
-0.00615609517751 18836 0.000844950078285 30506 -0.00779846935119 0.0154697470071 0.00997133755776 
-0.00737769803109 18842 0.00101727491664 30516 -0.00935135239152 0.0154697470071 0.0119546253828 
-0.00615372837804 18828 0.000848507691205 30512 -0.00779995092537 0.00984557999646 0.00997133755776 
-0.00737769803109 18828 0.00101727491664 30512 -0.00935135239152 0.00984557999646 0.0119546253828 
-0.00431777389845 18852 0.000595356853058 30522 -0.00547284872614 0.00984557999646 0.00699640582013 
-0.00554174355151 18852 0.000764124078489 30522 -0.00702425019229 0.00984557999646 0.00897969364522 
-0.00798968285762 18838 0.00110165852935 30514 -0.0101270531246 0.0492147490712 0.0129462692954 
-0.00431736387106 18838 0.000595603630918 30508 -0.00547314534063 -0.0154631715516 0.00699640582013 
-0.0086008508467 18830 0.0011865337614 30506 -0.0109033447592 0.0210939140178 0.0139379132079 
-0.00798892413589 18828 0.00110211517133 30506 -0.0101276019851 0.0295301645338 0.0129462692954 
-0.00615314400348 18836 0.000848859401126 30516 -0.00780037366287 0.0435905820605 0.00997133755776 
-0.0049278819379 18838 0.000681170508884 30508 -0.00624987398878 0.0379664150498 0.00798804973267 
-0.00676313745921 18840 0.00093485392767 30512 -0.00857746947299 0.0182818305125 0.0109629814703 
-0.00553963377834 18834 0.000765731648479 30498 -0.00702573915018 -0.0126510880462 0.00897969364522 
-0.00553963377834 18836 0.000765731648479 30512 -0.00702573915018 0.0295301645338 0.00897969364522 
-0.00737488929964 18832 0.00101941506727 30516 -0.00935333463439 0.0295301645338 0.0119546253828 
-0.00676313745921 18820 0.00093485392767 30502 -0.00857746947299 0.0126576635018 0.0109629814703 
-0.00553913442264 18828 0.000763037842527 30512 -0.00702642590943 0.0239059975231 0.00897969364522 
-0.0110444046837 18820 0.00152141076184 30514 -0.0140098949227 0.0295301645338 0.0179044888581 
-0.00615083111832 18842 0.000847301500229 30518 -0.00780236691091 0.0407784985552 0.00997133755776 
-0.00676252781399 18838 0.00093156515793 30502 -0.00857830791239 0.0154697470071 0.0109629814703 
-0.00675498006496 18830 0.000939481685987 30504 -0.00858338984329 0.0154697470071 0.0109629814703 
-0.00553295211957 18840 0.000769522209657 30510 -0.00703058847987 0.0239059975231 0.00897969364522 
-0.0122541058192 18836 0.00170429932947 30508 -0.0155709959787 -0.0210873385622 0.0198877766832 
-0.0116430918465 18838 0.00161931959131 30506 -0.014794595297 -0.0210873385622 0.0188961327707 
-0.00614396609227 18836 0.000854501947822 30512 -0.00780698916158 0.0126576635018 0.00997133755776 
-0.00675498006496 18834 0.000939481685987 30506 -0.00858338984329 0.0464026655658 0.0109629814703 
-0.00553612991624 18828 0.000765354094607 30508 -0.0070285415715 0.0154697470071 0.00897969364522 
-0.00675885972137 18832 0.000934392985875 30498 -0.00858089084728 0.0239059975231 0.0109629814703 
-0.00859295442908 18832 0.00118795132278 30502 -0.010909414761 0.0239059975231 0.0139379132079 
-0.00737022462394 18832 0.00101891243151 30504 -0.00935706548517 0.0323422480391 0.0119546253828 
-0.00492355103924 18840 0.000679200823639 30508 -0.0062535006146 0.0126576635018 0.00798804973267 
-0.00614597943655 18846 0.000847834065718 30506 -0.0078061313628 0.0267180810285 0.00997133755776 
-0.00797962203251 18830 0.00110078392884 30504 -0.0101350774851 0.0464026655658 0.0129462692954 
-0.00736840783386 18830 0.0010164673078 30512 -0.009358762111 0.0351543315445 0.0119546253828 
-0.00736840783386 18830 0.0010164673078 30512 -0.009358762111 0.0351543315445 0.0119546253828 
-0.00736840783386 18846 0.0010164673078 30510 -0.009358762111 0.0351543315445 0.0119546253828 
-0.0055361686162 18840 0.000763914874783 30518 -0.0070286676603 0.0632751665979 0.00897969364522 
-0.0079816453213 18842 0.00110135691466 30508 -0.0101334219087 0.00140932948045 0.0129462692954 
-0.00614753779248 18844 0.000848275384753 30498 -0.00780485622241 0.0154697470071 0.00997133755776 
-0.0104439913033 18840 0.00142844179957 30502 -0.0132259942475 0.0154697470071 0.0169128449456 
-0.00615748344354 18834 0.000842169097567 30500 -0.0077976741112 0.0295301645338 0.00997133755776 
-0.00799455824058 18836 0.001093428827 30512 -0.0101240970268 0.0182818305125 0.0129462692954 
-0.00554512517786 18848 0.000758415854424 30506 -0.00702219980601 0.0182818305125 0.00897969364522 
-0.00493276691218 18830 0.000674662611281 30508 -0.00624672550083 0.0295301645338 0.00798804973267 
-0.00676984170922 18834 0.00092592234071 30512 -0.00857314841638 0.0182818305125 0.0109629814703 
-0.00799935933133 18842 0.00109184055059 30506 -0.0101204754419 0.0154697470071 0.0129462692954 
-0.0110686071317 18830 0.00150559852339 30514 -0.0139924919339 0.0154697470071 0.0179044888581 
-0.00861645851813 18830 0.0011720469493 30524 -0.0108925834009 0.0520268325765 0.0139379132079 
-0.00677734705796 18838 0.00092188326874 30510 -0.00856765200116 0.0520268325765 0.0109629814703 
-0.00493823559779 18832 0.000671719588176 30506 -0.0062427206014 0.0464026655658 0.00798804973267 
-0.00861645851813 18820 0.0011720469493 30512 -0.0108925834009 0.0548389160818 0.0139379132079 
-0.0043251984444 18844 0.000588331694655 30524 -0.00546774346815 0.0548389160818 0.00699640582013 
-0.00555127275118 18844 0.000755107481697 30524 -0.00701769773466 0.0210939140178 0.00897969364522 
-0.00555127275118 18834 0.000755107481697 30512 -0.00701769773466 0.0210939140178 0.00897969364522 
-0.00493309539227 18826 0.000673056898565 30520 -0.00624663931996 0.00422141298578 0.00798804973267 
-0.00860748965329 18816 0.00117438034942 30512 -0.0108994209596 0.0492147490712 0.0139379132079 
-0.00615789347928 18830 0.000840164715516 30508 -0.00779756653319 0.0492147490712 0.00997133755776 
-0.00738269156628 18840 0.00100727253247 30522 -0.00934849374641 0.00984557999646 0.0119546253828 
-0.00677220870579 18832 0.000924082414051 30512 -0.00857147733214 0.0182818305125 0.0109629814703 
-0.0116727876629 18840 0.00159277693155 30506 -0.0147740625256 0.0210939140178 0.0188961327707 
-0.00677220870579 18830 0.000924082414051 30508 -0.00857147733214 0.0126576635018 0.0109629814703 
-0.00738478107543 18832 0.00100766922874 30504 -0.00934680048132 0.0154697470071 0.0119546253828 
-0.00738478107543 18832 0.00100766922874 30528 -0.00934680048132 0.0351543315445 0.0119546253828 
-0.00860992581471 18832 0.00117484285811 30510 -0.0108974467797 0.0351543315445 0.0139379132079 
-0.00799433530855 18824 0.00109152593552 30508 -0.0101244783952 0.0351543315445 0.0129462692954 
-0.00799433530855 18826 0.00109152593552 30518 -0.0101244783952 0.00422141298578 0.0129462692954 
-0.00738199411877 18828 0.00100791844794 30510 -0.0093489748784 0.00422141298578 0.0119546253828 
-0.00554497054943 18834 0.000757095985195 30508 -0.00702246432794 0.00984557999646 0.00897969364522 
-0.00737541888051 18832 0.00101300514254 30504 -0.00935361347087 0.00984557999646 0.0119546253828 
-0.00737541888051 18834 0.00101300514254 30514 -0.00935361347087 0.0267180810285 0.0119546253828 
-0.00615182734148 18834 0.00084494627816 30514 -0.00780183688873 0.0267180810285 0.00997133755776 
-0.00676362311099 18834 0.00092897571035 30506 -0.0085777251798 0.00703349649112 0.0109629814703 
-0.00921080618904 18832 0.00126509343911 30502 -0.0116812783441 0.00703349649112 0.0149295571205 
-0.00554003157197 18836 0.000760916845968 30498 -0.00702594859766 0.00140932948045 0.00897969364522 
-0.00553876292632 18852 0.000766422854253 30524 -0.00702635034826 0.00984557999646 0.00897969364522 
-0.00798538560897 18844 0.00110497273708 30502 -0.0101300809767 0.00984557999646 0.0129462692954 
-0.00798538560897 18846 0.00110497273708 30512 -0.0101300809767 0.0182818305125 0.0129462692954 
-0.00737488929964 18830 0.00101941506727 30504 -0.00935333463439 0.0407784985552 0.0119546253828 
-0.00859839298052 18826 0.00118853734646 30508 -0.0109050649572 0.0407784985552 0.0139379132079 
-0.00921014482095 18826 0.00127309848605 30508 -0.0116809301186 0.0407784985552 0.0149295571205 
-0.00920043476038 18842 0.00128325712478 30516 -0.01168746881 0.00140932948045 0.0149295571205 
-0.00798330632034 18840 0.00110875213383 30506 -0.0101313068047 0.0182818305125 0.0129462692954 
-0.00615098744909 18830 0.000850533948842 30514 -0.00780189195605 0.0126576635018 0.00997133755776 
-0.010333715836 18840 0.00158172998405 30538 -0.0132949904638 -0.00140275402489 0.0169128449456 
-0.141590468459 18890 0.0480423036882 30560 -0.281078610244 0.0126576635018 0.318372594359 
0.142372006238 19386 0.668520924675 31762 -1.75582971068 0.00703349649112 1.88417833227 
0.28221627217 19592 0.667043843151 31984 -2.11671591832 0.0126576635018 2.23720356513 
0.371143178574 19720 0.820486732869 32316 -2.3023773966 -0.0098390045409 2.47222317241 
0.00545700200691 19582 0.151484840992 31340 -0.5497342954 0.00140932948045 0.570250148145 
0.0261023676205 19430 -0.00199156382431 30976 0.0335894264856 0.0351543315445 -0.0425857898071 
-0.00433846291936 19434 -0.000136346944292 30944 -0.00548715257743 -0.00140275402489 0.00699640582013 
-0.00960978477957 19410 -0.000495157493921 30924 -0.0126843012374 0.00422141298578 0.015921201033 
-0.00658925298141 19416 -0.000318385693386 30930 -0.00875598871718 0.0323422480391 0.0109629814703 
-0.00603501401133 19430 -0.000299711442499 30932 -0.00793198283061 0.0520268325765 0.00997133755776 
-0.0077909309781 19428 -0.000387045089734 30924 -0.0103323511004 0.0239059975231 0.0129462692954 
-0.00776761040466 19404 -0.000357945508867 30924 -0.0103509416133 0.0154697470071 0.0129462692954 
0.00890640881409 19440 0.000145617173785 30924 0.0118439846216 0.0379664150498 -0.0148197602559 
-0.276752875012 19406 0.0905275665549 31078 -0.572886527239 -0.0295235890783 0.642640153761 
-0.0363838938336 19428 0.00661131728218 30948 -0.0634462712038 0.0126576635018 0.0734365479606 
-0.504820879605 19176 0.475917230783 31494 -1.14149827052 -0.0295235890783 1.33579924863 
-0.175634133557 19306 0.71889037438 31818 -2.09970018201 0.0323422480391 2.22629548209 
0.610453274092 20192 1.31851922342 32988 -2.73608315695 0.0942080851566 3.09795048122 
1.35008719031 21296 2.25170217412 35114 -3.54443595138 0.0717114171139 4.41088702143 
1.57398924796 21592 2.74618796438 35502 -4.13344606108 0.0492147490712 5.20618543929 
1.91488856848 22122 3.28682140236 36248 -4.89819145863 0.0801476676299 6.20179592749 
2.1304239501 22370 3.66618003717 36708 -5.37775833863 0.0210939140178 6.84834775846 
2.33407752019 22578 4.05920243099 37354 -5.8687207173 0.0126576635018 7.50779096031 
2.60200776311 22958 4.37717092595 37888 -6.18633096986 -0.0660806746476 8.01253771179 
2.94433005656 23424 4.79887134004 38602 -6.39900599847 -0.142006929292 8.52323432675 
3.31138680052 23896 5.18060594415 39208 -6.81103303763 -0.16731568084 9.17573602121 
3.51656378046 24190 5.37352384761 39436 -7.08653342289 -0.201060682904 9.56346879101 
3.73257358127 24458 5.77065207221 40118 -7.57072999272 -0.212309016925 10.2248952807 
3.86720061871 24592 6.05310132266 40530 -7.91441203503 -0.285423188064 10.6879929878 
4.021928526 24808 6.30650500752 40828 -8.23422727841 -1.06437031904 11.1243163094 
4.14665102432 24986 6.55206730385 41166 -8.3743439282 -1.19653824379 11.4128846879 
4.28833991024 25102 6.86405438532 41492 -8.68424511313 -1.13748449018 11.8710241755 
4.32883619195 25116 7.15915488108 42098 -8.85951746491 -1.21622282833 12.1853752958 
4.4078641103 25012 7.6988603927 43090 -9.26441654854 -1.16841740874 12.8269689072 
4.30091536136 24368 7.66467476319 43096 -9.14015875648 -1.60991451908 12.6802056081 
3.82444768977 23806 7.13890586301 42434 -8.68204637004 -1.6717803562 11.8730074633 
3.47269910356 23488 6.51447779764 41392 -8.06551680652 -1.68021660671 10.9339206781 
3.0479681472 23164 5.75077602837 40040 -7.21138828259 -1.65490785516 9.71419866572 
2.81508800398 22970 5.24881861647 39144 -6.75281196134 -1.6239749366 9.00418162434 
2.39762308823 22540 4.68052935526 38244 -6.20988792815 -1.64928368815 8.13748484477 
2.11248997416 22294 4.1014411903 37530 -5.61061788817 -1.70833744176 7.26384655782 
1.88729694605 22130 3.60785326711 36720 -4.9841081644 -1.66053202217 6.43582389085 
1.55513924585 21800 3.0879298413 36154 -4.54045017079 -1.74770661084 5.70696561513 
1.22014663209 21408 2.36910805877 35252 -3.93328979823 -1.66053202217 4.75102088343 
1.04267111869 21226 2.06147608172 34708 -3.3649831799 -1.64084743764 4.08166124247 
0.789686169806 20916 1.57102037421 33918 -2.71872397057 -1.70552535826 3.23777227289 
0.490843875673 20536 0.968367747222 32934 -1.92544367703 -1.68021660671 2.21042917949 
0.167496228896 20016 0.346917661272 31726 -0.880359664274 -1.6745924397 0.960957849688 
-0.0148056072263 19760 0.0659870799912 31256 -0.24165634389 -1.65771993867 0.250940808306 
0.00762288651142 19530 -0.00055018644549 31154 0.00904924630758 -1.68584077372 -0.0118448285182 
-0.00859651780836 19504 -0.00079479734725 31122 -0.0109422851059 -1.70271327475 0.0139379132079 
-0.116828640355 19448 -0.0722184851158 30834 -0.226422650086 -1.65209577166 0.264823823082 
-0.168844196391 19362 -0.379880536298 30194 -0.761682931543 -1.63522327063 0.867743321909 
0.086140002167 19676 -0.813019775947 29524 -1.10611153338 -1.6745924397 1.37546500513 
1.03321771363 20526 -1.47588855349 28406 -2.11152481427 -1.56210909949 2.77566620964 
1.52413843912 21184 -2.09519053043 27314 -2.92452704755 -1.57616951701 3.90713191386 
1.8762362339 21688 -2.53695388984 26588 -3.34348884657 -1.57616951701 4.59731607699 
2.26970488104 22328 -3.0220340059 25630 -3.96523560426 -1.55086076547 5.47789587133 
2.66398934096 22838 -3.27552748151 25172 -4.53188885558 -1.49461909536 6.19386277619 
2.99800924505 23412 -3.59175639356 24560 -5.10382445527 -1.51149159639 6.92371269582 
3.24154998985 23970 -3.95597858658 24030 -5.53553542081 -1.55929701598 7.53654863377 
3.36078676973 24262 -4.24534581983 23774 -5.70548492861 -1.53680034794 7.86577441274 
3.55909057632 24626 -4.52754333771 23412 -6.10864089399 -1.56210909949 8.39531226203 
3.7291342675 24974 -4.74144230983 23254 -6.44379668561 -1.55086076547 8.82667736399 
4.08993278377 25540 -4.94348801686 23444 -6.89401156036 -1.59022993454 9.41769713587 
4.23628183712 26062 -5.14220634913 22740 -7.2899779885 -3.19592961609 9.87583662346 
4.44830435599 26396 -5.32583170093 22606 -7.68035615953 -3.37590296043 10.3508340576 
4.63274321657 26696 -5.53127059664 22264 -8.10822514667 -4.19421926048 10.8535975212 
4.8332027948 27052 -5.79974283602 22026 -8.53521872322 -4.75101179454 11.3950350975 
4.92571106997 27190 -5.9610032435 21920 -8.91656857455 -4.97035430796 11.8026007455 
5.04156157665 27296 -5.95960045151 21966 -8.90797802039 -5.02097181105 11.8442497899 
4.55419769664 26684 -5.50290272861 22496 -8.08067602855 -5.0462805626 10.7851740913 
3.8917790277 25664 -4.94416626815 23322 -7.13341295908 -5.0490926461 9.51190330756 
3.18149219778 24490 -4.1256515096 24564 -6.23427029676 -5.13345515126 8.12459347391 
2.4248015629 23554 -3.21091205597 26218 -4.97331945835 -5.10533431621 6.39714977826 
1.62538299971 22596 -2.46985427089 27730 -3.94685228754 -5.11939473374 4.93150007552 
0.835084062082 21426 -1.56916454853 29362 -2.64190017546 -5.11095848322 3.18422350161 
0.160098924468 20248 -0.380199198336 31020 -0.801527055165 -5.13345515126 0.901459214935 
-0.121352085426 19430 -0.0579070336992 31156 -0.181835470595 -5.12783098425 0.226149710492 
-0.159243253706 19258 -0.050861799503 31216 -0.195057634428 -5.0968980657 0.256890671781 
-0.000655126385076 19352 -0.000142222576241 31194 -0.000803637379649 -5.13345515126 0.00104654234486 
-0.003138861241 19352 -0.000661618000187 31200 -0.0038524231029 -5.11095848322 0.00501311799504 
-0.266799031792 19132 0.0669682415701 31606 -0.130565827577 -5.11095848322 0.304489579583 
-0.812901993891 18630 0.377781867429 32226 0.0136104252109 -5.06877723064 0.896500995373 
-1.92288611936 17256 0.481471945286 32176 0.644820887086 -5.00691139352 2.0844904026 
-2.89096966721 15990 0.350365699717 32068 1.28549730439 -4.90848847084 3.1832318577 
-3.88641184767 14656 0.291545196127 32188 2.01860033743 -4.81287763166 4.38907085535 
-4.40089614609 13912 0.221028727005 32130 2.48010439003 -4.64977678835 5.0564472085 
-5.1763985153 12684 -0.276660890932 31418 3.06538013594 -4.49792427906 6.02230837932 
-5.77850583235 11846 -0.573079217076 31058 3.49968919429 -4.36856843781 6.7799243285 
-6.5137751283 11380 -0.858207684475 30812 3.9430859066 -4.25046093059 7.66248741066 
-6.95725922228 11344 -0.812714624326 30956 4.22690398708 -4.25889718111 8.18111717692 
-6.14955749277 11362 -0.693289212865 30842 3.5946278219 -4.19140717698 7.15674901527 
-4.98636701504 12204 -0.501440245948 30952 2.62928378062 -4.14078967388 5.65936670732 
-4.40797609443 12952 -0.419245112519 30998 2.18682087842 -4.0957963378 4.9384415829 
-4.06124737711 13448 -0.375079793252 31020 1.96658902279 -4.05923925223 4.52790100311 
-3.51599378604 14222 -0.29304451082 31074 1.63659084764 -4.06767550274 3.88928232343 
-2.78017620245 15262 -0.182879166629 31208 1.16414077441 -3.9945613316 3.01961061213 
-2.3715250345 15780 -0.146491060957 31256 0.868323877356 -3.98893716459 2.52973851933 
-1.69496022146 16740 -0.077350991286 31350 0.51141477827 -3.92144716046 1.77212257015 
-0.900349648358 17732 -0.0495080248985 31416 0.188940697414 -3.89332632541 0.921292093186 
-0.395201194272 18272 0.0321912736158 31518 -0.0416898073138 -3.92707132748 0.398695751275 
-0.132783498638 18572 0.0304231090003 31466 -0.128802471783 -3.89051424191 0.187475597903 
-0.00369705353555 18796 0.00050849868085 31346 -0.00470429482639 -3.81740007077 0.00600476190758 
-0.00430733460808 18812 0.00049313244056 31324 -0.00549120964542 -3.87645382438 0.00699640582013 
0.00119626217433 18832 -0.000122735254677 31308 0.00150750738562 -3.84270882232 -0.00192838939277 
-0.000648714180854 18818 7.01691722398e-05 31316 -0.00081822801126 -3.86520549036 0.00104654234486 
-0.0025005783436 18820 0.000266128055794 31316 -0.00313823797721 -3.8370846553 0.00402147408249 
0.000581087552399 18824 -6.35532332223e-05 31296 0.000731977006284 -3.87645382438 -0.000936745480232 
-0.00126469123259 18826 0.000131467495691 31290 -0.00159294557461 -3.87082965737 0.0020381862574 
-0.00495104815808 18834 0.000529066179328 31290 -0.00624629087106 -3.85114507283 0.00798804973267 
-0.00249199493483 18822 0.000266739327037 31300 -0.0031450063867 -3.86801757386 0.00402147408249 
-0.00557983565889 18830 0.000597211749907 31300 -0.00701025463928 -3.87082965737 0.00897969364522 
-0.00373875487871 18838 0.000389301395424 31286 -0.00468266184421 -3.8342725718 0.00600476190758 
-0.0018840249576 18852 0.000196820018121 31260 -0.00236465276485 -3.86520549036 0.00302983016995 
-0.00373240778296 18840 0.000388286855766 31286 -0.00468780663276 -3.89332632541 0.00600476190758 
-0.00495597552528 18842 0.000531680917863 31270 -0.00624215992474 -3.84833298933 0.00798804973267 
-0.00619027994929 18848 0.000650665283667 31264 -0.00779003475788 -3.83989673881 0.00997133755776 
-0.00434342414102 18842 0.000461180982504 31262 -0.00546549844319 -3.8342725718 0.00699640582013 

 
