-0.0104970398934 18832 0.00110178535962 31248 -0.0132152391825 -3.86801757386 0.0169128449456 
-0.0117279771773 18838 0.00123098641932 31246 -0.0147649265982 -3.86801757386 0.0188961327707 
-0.0117279771773 18828 0.00123098641932 31252 -0.0147649265982 -3.84552090582 0.0188961327707 
-0.0147892460897 18840 0.00157492396748 31238 -0.0186501458396 -3.90457465943 0.0238543523334 
-0.0141744456688 18840 0.00150945315766 31238 -0.0178748448241 -3.90457465943 0.0228627084208 
-0.0135596452478 18822 0.00144398234784 31244 -0.0170995438085 -3.86801757386 0.0218710645083 
-0.0135731226808 18848 0.0014293738136 31260 -0.0170900758898 -3.8342725718 0.0218710645083 
-0.012957711187 18836 0.0013645653613 31258 -0.0163152041539 -3.8342725718 0.0208794205958 
-0.0104960652117 18848 0.00110533155208 31270 -0.0132157172104 -3.86801757386 0.0169128449456 
-0.0135731226808 18846 0.0014293738136 31258 -0.0170900758898 -3.81740007077 0.0218710645083 
-0.01665018015 18828 0.00175341607512 31250 -0.0209644345692 -3.85676923984 0.026829284071 
-0.0111114767055 18838 0.00117014000439 31264 -0.0139905889463 -3.86801757386 0.0179044888581 
-0.0148039456685 18832 0.00155899071821 31262 -0.0186398193615 -3.88207799139 0.0238543523334 
-0.011736696405 18840 0.00122724109265 31248 -0.0147583085238 -3.85676923984 0.0188961327707 
-0.0129685488358 18844 0.00135604905284 31252 -0.0163073013241 -3.85958132335 0.0208794205958 
-0.011736696405 18848 0.00122724109265 31254 -0.0147583085238 -3.85395715634 0.0188961327707 
-0.0135844750512 18836 0.00142045303293 31250 -0.0170817977242 -3.86801757386 0.0218710645083 
-0.0117239710617 18834 0.00124382481443 31252 -0.0147670320668 -3.82864840479 0.0188961327707 
-0.014185004687 18848 0.00150492190143 31262 -0.017866848867 -3.86801757386 0.0228627084208 
-0.017876555125 18840 0.00189656753193 31258 -0.0225165740673 -3.86520549036 0.0288125718961 
-0.0111087126554 18834 0.00117855054268 31264 -0.0139920778667 -3.84833298933 0.0179044888581 
-0.014185004687 18836 0.00150492190143 31258 -0.017866848867 -3.81740007077 0.0228627084208 
-0.00987819584274 18842 0.00104800199918 31260 -0.0124421694666 -3.87082965737 0.015921201033 
-0.00927010760683 18834 0.000967001094022 31268 -0.0116628336889 -3.87082965737 0.0149295571205 
-0.0129645155666 18840 0.00135237920293 31274 -0.0163108127029 -3.85958132335 0.0208794205958 
-0.0123487809066 18846 0.00128814951811 31258 -0.0155361495339 -3.85958132335 0.0198877766832 
-0.0105015769268 18854 0.00109546046366 31254 -0.0132121600269 -3.82583632128 0.0169128449456 
-0.0141863222094 18848 0.00148837565446 31266 -0.0178671888225 -3.89895049242 0.0228627084208 
-0.0166475844189 18846 0.00174660204306 31256 -0.0209670646034 -3.85676923984 0.026829284071 
-0.0104944288953 18844 0.00110103607155 31276 -0.0132173751511 -3.86239340685 0.0169128449456 
-0.0154169533142 18836 0.00161748884876 31258 -0.0194171267129 -3.90457465943 0.0248459962459 
-0.0111097444476 18844 0.0011655926687 31252 -0.0139923440963 -3.90457465943 0.0179044888581 
-0.0141863222094 18842 0.00148837565446 31264 -0.0178671888225 -3.85114507283 0.0228627084208 
-0.0111193927496 18844 0.00117001577981 31264 -0.0139843086788 -3.85114507283 0.0179044888581 
-0.0111193927496 18838 0.00117001577981 31260 -0.0139843086788 -3.85114507283 0.0179044888581 
-0.00927184297282 18852 0.000975611063514 31258 -0.011660736973 -3.84833298933 0.0149295571205 
-0.0111193927496 18840 0.00117001577981 31256 -0.0139843086788 -3.84552090582 0.0179044888581 
-0.0184895445761 18852 0.00194854573757 31268 -0.0232944454934 -3.84552090582 0.0298042158086 
-0.0184895445761 18844 0.00194854573757 31264 -0.0232944454934 -3.86520549036 0.0298042158086 
-0.0154136300071 18844 0.00162438630801 31262 -0.0194191891844 -3.86520549036 0.0248459962459 
-0.0117225325243 18836 0.00123539499254 31264 -0.0147688816135 -3.86520549036 0.0188961327707 
-0.0111073496105 18834 0.00117056310663 31258 -0.0139938303517 -3.82864840479 0.0179044888581 
-0.0154136300071 18848 0.00162438630801 31266 -0.0194191891844 -3.85958132335 0.0248459962459 
-0.0129577164585 18842 0.00137149988993 31268 -0.0163146184953 -3.84833298933 0.0208794205958 
-0.0160347751795 18840 0.0016971888885 31266 -0.0201888380988 -3.84833298933 0.0258376401585 
-0.00988310645872 18840 0.00104412641471 31272 -0.0124385951413 -3.87364174087 0.015921201033 
-0.0148076205511 18846 0.00156438947824 31254 -0.0186364477415 -3.86239340685 0.0238543523334 
-0.0117297992434 18850 0.00123922506353 31266 -0.0147627898664 -3.86239340685 0.0188961327707 
-0.00926754219717 18854 0.000979093531766 31258 -0.0116638635663 -3.86239340685 0.0149295571205 
-0.0129609277665 18828 0.00136929082942 31256 -0.0163122530164 -3.84833298933 0.0208794205958 
-0.0111142349818 18860 0.00117419218059 31260 -0.0139880582914 -3.84833298933 0.0179044888581 
-0.0123453635049 18842 0.00130425794647 31262 -0.0155375214414 -3.83989673881 0.0198877766832 
-0.0129609277665 18852 0.00136929082942 31258 -0.0163122530164 -3.88207799139 0.0208794205958 
-0.0123522666794 18860 0.00129180824902 31274 -0.0155330744133 -3.88207799139 0.0198877766832 
-0.0123522666794 18846 0.00129180824902 31246 -0.0155330744133 -3.86239340685 0.0198877766832 
-0.0123522666794 18844 0.00129180824902 31260 -0.0155330744133 -3.85958132335 0.0198877766832 
-0.0135840836144 18842 0.00142063248179 31254 -0.0170820940881 -3.87926590788 0.0218710645083 
-0.0111163089964 18840 0.00116937030913 31266 -0.0139868140992 -3.87082965737 0.0179044888581 
-0.016657421178 18838 0.00175226271224 31254 -0.0209587780858 -3.87082965737 0.026829284071 
-0.0117319881277 18858 0.0012341361317 31258 -0.0147614767644 -3.87082965737 0.0188961327707 
-0.0111163089964 18840 0.00116937030913 31258 -0.0139868140992 -3.87082965737 0.0179044888581 
-0.0154260629154 18834 0.00162273106711 31262 -0.0194094527554 -3.85395715634 0.0248459962459 
-0.012347667259 18826 0.00129890195426 31264 -0.0155361394296 -3.85114507283 0.0198877766832 
-0.0129496506523 18836 0.0013641529812 31268 -0.0163216371434 -3.84270882232 0.0208794205958 
-0.0135646793204 18844 0.00142894184799 31256 -0.0170968144067 -3.86239340685 0.0218710645083 
-0.0111045646481 18856 0.00116978638084 31266 -0.0139961053536 -3.84833298933 0.0179044888581 
-0.0117195933162 18848 0.00123457524762 31262 -0.0147712826169 -3.85676923984 0.0188961327707 
-0.0129657208044 18852 0.00134419732037 31268 -0.0163105310153 -3.81740007077 0.0208794205958 
-0.0123499289031 18848 0.00128035622459 31258 -0.0155358812247 -3.84270882232 0.0198877766832 
-0.0111183451004 18848 0.00115267403304 31256 -0.0139865816436 -3.84270882232 0.0179044888581 
-0.0148130965084 18854 0.00153572060769 31240 -0.018634480387 -3.85958132335 0.0238543523334 
-0.0148177365523 18850 0.00155215829703 31260 -0.0186294286904 -3.85676923984 0.0238543523334 
-0.0142017517608 18850 0.00148763387377 31260 -0.0178549889028 -3.85676923984 0.0228627084208 
-0.011121827803 18850 0.00116501175747 31260 -0.0139827899647 -3.85676923984 0.0179044888581 
-0.0148177365523 18840 0.00155215829703 31258 -0.0186294286904 -3.84552090582 0.0238543523334 
-0.0086492900751 18846 0.000909072088794 31256 -0.0108916846138 -3.84552090582 0.0139379132079 
-0.0129569012691 18836 0.0013618178138 31258 -0.016316076923 -3.84552090582 0.0208794205958 
-0.0135722742968 18842 0.00142649577452 31250 -0.0170909901101 -3.82302423778 0.0218710645083 
-0.0123415282414 18848 0.00129713985309 31246 -0.015541163736 -3.87364174087 0.0198877766832 
-0.0141876473245 18842 0.00149117373523 31258 -0.0178659032971 -3.87645382438 0.0228627084208 
-0.00926638778501 18846 0.000972447649698 31252 -0.0116653366347 -3.87645382438 0.0149295571205 
-0.0135748008711 18848 0.00142458782306 31254 -0.0170891425639 -3.86801757386 0.0218710645083 
-0.0111128505362 18860 0.00116622200971 31266 -0.0139898248901 -3.86801757386 0.0179044888581 
-0.0111128505362 18850 0.00116622200971 31256 -0.0139898248901 -3.83989673881 0.0179044888581 
-0.0123484261711 18850 0.00129853669193 31256 -0.0155355667729 -3.87926590788 0.0198877766832 
-0.016042728004 18850 0.00168702235112 31256 -0.0201833714412 -3.87926590788 0.0258376401585 
-0.016042728004 18842 0.00168702235112 31270 -0.0201833714412 -3.87364174087 0.0258376401585 
-0.0129641431433 18846 0.0013632843018 31250 -0.0163102008843 -3.87926590788 0.0208794205958 
-0.0135798601154 18846 0.00142803191166 31256 -0.0170848349957 -3.87926590788 0.0218710645083 
-0.0166584449762 18854 0.00175176996099 31272 -0.0209580055526 -3.82864840479 0.026829284071 
-0.0111169922268 18848 0.0011690414722 31254 -0.0139862985502 -3.85676923984 0.0179044888581 
-0.0135663662628 18862 0.00143141714132 31258 -0.0170952687641 -3.83146048829 0.0218710645083 
-0.0123361559532 18848 0.00130161494591 31264 -0.0155450543979 -3.83146048829 0.0198877766832 
-0.0104908404888 18846 0.00110691165281 31256 -0.0132197328484 -3.83989673881 0.0169128449456 
-0.0117210507984 18854 0.00123671384821 31264 -0.0147699472147 -3.8342725718 0.0188961327707 
-0.0111059456436 18844 0.00117181275051 31266 -0.0139948400316 -3.85958132335 0.0179044888581 
-0.011723243146 18848 0.00123789943862 31264 -0.0147681078276 -3.85958132335 0.0188961327707 
-0.0135689037648 18838 0.00143278938635 31260 -0.0170931397912 -3.85958132335 0.0218710645083 
-0.0104928027334 18858 0.0011079728068 31282 -0.0132180865185 -3.85958132335 0.0169128449456 
-0.011723243146 18850 0.00123789943862 31256 -0.0147681078276 -3.90457465943 0.0188961327707 
-0.0117283658843 18856 0.00123706943627 31252 -0.0147641094069 -3.90457465943 0.0188961327707 
-0.0123396151353 18846 0.0013052967063 31260 -0.0155419998785 -3.84552090582 0.0198877766832 
-0.0111083865393 18846 0.00117275454199 31252 -0.0139928237518 -3.89051424191 0.0179044888581 
-0.0135684786423 18838 0.00142572723866 31240 -0.01709406774 -3.83146048829 0.0218710645083 
-0.0141863239225 18836 0.00150012860081 31252 -0.0178662045237 -3.85395715634 0.0228627084208 
-0.0178870915197 18842 0.00187395138464 31254 -0.0225100991211 -3.87364174087 0.0288125718961 
-0.209592937661 18938 0.138022045082 31412 -0.621663225692 -3.81458798726 0.670406183312 
0.0103310803398 19590 0.806810824636 32568 -1.73662473288 -3.79209131922 1.91491929356 
0.567818831674 20312 1.31154763561 33286 -2.52180109614 -3.73866173262 2.8986300548 
1.09708801416 20960 1.82816034493 34388 -3.2575473339 -3.76959465118 3.89324889908 
1.72923504833 21752 2.19286878248 35236 -4.00548100334 -3.7808429852 4.8829095238 
2.51192596791 22770 2.87894144703 36434 -5.23063855588 -3.70772881406 6.47747293517 
3.12071833759 23614 3.47137143943 37288 -5.76588915529 -3.74147381612 7.41854300818 
3.48609307939 24142 3.71226948432 37480 -6.32158870595 -3.74147381612 8.11765196652 
3.75004279396 24584 3.74611217189 37356 -6.7288957052 -3.76115840066 8.56587501499 
4.14107277614 25136 4.02930143039 37622 -7.14982727771 -3.80052756974 9.19259396772 
4.2849772674 25354 4.12817131106 37614 -7.69502774681 -3.80052756974 9.72709003658 
4.40012213148 25562 4.16856176095 37586 -7.93726681529 -3.86239340685 9.98690074167 
4.56653008022 25792 4.35862003196 37756 -8.40478756673 -3.94675591201 10.5114803714 
4.6564650931 25960 4.39937737483 37738 -8.44370818317 -4.01705799965 10.5987450357 
4.79607042014 26102 4.51797209275 37850 -8.5309619415 -4.00862174913 10.7792242278 
5.1469384897 26640 4.69095679445 38122 -8.6036000206 -4.0451788347 11.0687842503 
5.45681197081 27168 4.79423052848 38210 -8.41370817581 -4.09017217078 11.1153915141 
5.53236356278 27276 4.76260131292 38196 -8.14276228908 -4.09298425429 10.935903966 
5.51841990885 27266 4.73393989714 38154 -7.78648480755 -4.09298425429 10.6532854509 
5.95494970142 27806 5.09297748973 38606 -7.81500082436 -4.0479909182 11.0668009624 
5.83553189694 27784 4.98963680387 38636 -7.67703003532 -4.02830633367 10.8575640969 
5.18655457152 26950 4.34740590087 37746 -7.10783172314 -4.05361508522 9.81435470089 
4.71030760495 26338 3.85744877768 36954 -6.56101513979 -4.10985675532 8.95063285306 
4.18194394432 25682 3.24018819458 35716 -5.86104259352 -4.0986084213 7.89552373011 
3.49030893666 24772 2.57740973003 34576 -5.02125513248 -4.10423258831 6.63613596118 
2.78807753002 23856 1.97128018715 33718 -4.25552392314 -4.22234009554 5.45607970525 
2.40864930094 23410 1.73409573379 33434 -3.79337551998 -4.11829300584 4.81646938166 
1.37687069725 22088 0.927292413262 32446 -2.48191924464 -4.19140717698 2.9858947191 
0.860175039642 21374 0.555870125132 31992 -1.71233750801 -4.22515217904 1.99524245047 
0.24475313618 20404 0.18088548845 31378 -0.685188262943 -4.18015884296 0.749737696316 
-0.0500115383258 19602 0.0072442794955 31034 -0.148364796241 -4.24483676358 0.156734636614 
-0.0113980658897 19434 -0.00193418759948 30986 -0.0136716397544 -4.18578300997 0.0179044888581 
0.0818311590525 19488 0.0261996051466 30896 0.101290795357 -4.18015884296 -0.132825385849 
-0.0356509095908 19666 -0.503242659428 29862 -0.800343203051 -4.21952801203 0.946083191 
1.03188360078 20968 -1.34764953034 27968 -2.24116762798 -4.16047425842 2.8113653905 
1.78834260661 21964 -2.2110401936 26404 -3.21853920819 -4.13235342336 4.29486468366 
2.23017576515 22518 -2.71949688645 25564 -3.98266604002 -4.12110508934 5.31328298185 
2.75102052187 23166 -3.01538400306 24898 -4.88703734706 -4.12954133986 6.36740046088 
3.07610545826 23660 -3.22671460016 24452 -5.48283170185 -4.12954133986 7.06650941922 
3.44811834609 24406 -3.68407824358 23762 -6.29537903502 -4.10423258831 8.06806977089 
3.75202920703 25036 -4.05185208296 23232 -7.06293823211 -4.11266883883 8.96550751175 
4.07165735955 25696 -4.47821022619 22726 -7.49142746356 -4.11829300584 9.63090057706 
4.42196814986 26264 -4.80239321105 22404 -8.0772948033 -4.08454800377 10.3855415945 
4.80268404612 26956 -5.29826523845 22222 -8.49671631032 -4.19421926048 11.105475075 
5.15847380877 27572 -5.68182156869 21800 -8.95401891758 -4.73413929351 11.7926843064 
5.5211557574 28228 -6.12680659502 21148 -9.67328554264 -5.52714684201 12.7119382133 
5.62657038738 28376 -6.54625280353 20742 -10.1637715957 -6.32296647402 13.3346905904 
5.64929470606 28496 -6.57648033043 20778 -10.4248017042 -6.68853732972 13.5588021147 
4.67368909949 26986 -5.82119850812 21734 -9.03266799606 -6.79258441941 11.718311013 
4.02563817675 25822 -5.07890599261 22810 -7.94199918832 -6.78133608539 10.2506780224 
3.46924674913 24996 -4.39663482537 23958 -7.07578737307 -6.80664483694 9.02401450259 
2.81309132113 24144 -3.46082635279 25658 -6.07525830595 -6.86007442354 7.53654863377 
2.01564253645 23276 -2.65838293638 27294 -4.81846896007 -6.78133608539 5.86067042157 
1.26263208928 22148 -1.73741172974 29046 -3.42650332137 -6.80383275344 4.04397877379 
0.643525123763 21128 -1.00687736422 30116 -2.04909147968 -6.80102066993 2.37206713724 
0.00295481596075 19890 -0.12810724735 31186 -0.501583358978 -6.71947024828 0.517693020781 
-0.0831595450944 19412 -0.0213081015513 31340 -0.114179861315 -6.6266714926 0.142851621839 
-0.00754319042759 19446 -0.000968421793526 31404 -0.0104770380391 -6.51700023589 0.0129462692954 
-0.00513879367061 19452 -0.000657021906032 31410 -0.00733457700128 -6.54230898744 0.00897969364522 
-0.014106191249 19498 -0.00763381644708 31268 -0.0227320093429 -6.50012773486 0.0278209279836 
0.0493964503946 20032 -2.74165055448 25858 -0.663734427267 -6.42138939671 2.82128182962 
0.0382147934481 19958 -4.33120036239 22764 -0.812521301764 -6.31453022351 4.40692044578 
-0.0331830236847 19850 -5.2187779508 21400 -0.736834970918 -6.26110063691 5.27064229361 
-0.54592611132 18950 -5.98383017017 20470 -0.543545818776 -6.23297980185 6.03321646235 
-0.776809393819 18618 -5.92481717303 20770 -0.749204142695 -6.16548979772 6.02230837932 
-0.959022274701 18388 -5.07507658634 22218 -0.638430851935 -6.08393937607 5.20420215147 
-1.14547213099 18268 -5.58801158144 21636 -0.728969762107 -6.12049646164 5.75059794728 
-1.48273784674 17850 -6.53531093641 20094 -0.801670484972 -6.12330854514 6.74918336721 
-1.7024430793 17638 -7.05408348467 19546 -0.933464856143 -6.1514293802 7.31640368519 
-1.95366320887 17402 -7.53697945819 19088 -1.02220975461 -6.11487229463 7.85288304187 
-1.86888125007 17472 -7.93328567866 18626 -1.20899447475 -6.12049646164 8.23962416776 
-0.00184970192773 19244 -0.000103905009396 32374 -0.0023974314143 -5.8899056142 0.00302983016995 
-0.00500699819852 19234 -0.000328648753806 32380 -0.00621537589919 -5.90396603173 0.00798804973267 
-0.00427130345306 19222 -0.000258771541808 32390 -0.00553522343731 -5.90677811523 0.00699640582013 
-0.00127892304714 19228 -8.24474444065e-05 32392 -0.00158485377189 -5.91802644925 0.0020381862574 
-0.00127594277211 19232 -7.86368354133e-05 32398 -0.00158744748269 -5.93208686678 0.0020381862574 
-0.0125737058549 19216 -0.00197303152753 32386 -0.00780389284138 -5.92927478328 0.0149295571205 
-1.3904307476 18232 -0.890926620277 31132 -0.461335044558 -5.93771103379 1.71460722322 
-2.55000684265 16404 -1.10166305821 30444 -0.220906987808 -5.93771103379 2.78657429268 
-3.65195464485 14974 -1.24861952403 30238 0.0130988938826 -5.98832853689 3.85953300606 
-4.65218534427 13556 -1.49782400548 29902 0.319350386668 -6.04175812349 4.89778418249 
-5.88277762623 11894 -1.73919668098 29548 0.688856727332 -6.10924812762 6.17303825402 
-6.64349537762 11398 -1.75945298183 29570 1.12113060901 -6.12330854514 6.96337845232 
-7.86261889726 11314 -1.81185710087 29338 1.70839095458 -6.18798646577 8.24755731907 
-8.97672429256 11286 -1.85049313037 29416 2.30722872568 -6.23579188536 9.45141302889 
-9.52004343641 11280 -1.78487226818 29542 2.55658937729 -6.24141605237 10.017641703 
-8.38824339344 11284 -1.55293491364 29582 1.84262004107 -6.24141605237 8.72751297274 
-6.75088684872 11334 -1.3400036393 29904 1.14546697142 -6.1514293802 6.9772614671 
-5.17147983246 12234 -1.15177007907 30286 0.651350065158 -6.06706687504 5.33807407966 
-3.38788399492 14752 -0.714817310601 31054 0.152960961941 -5.87022102966 3.46585037278 
-2.00764447848 16584 -0.408578489137 31638 -0.110325041825 -5.8364760276 2.05176615349 
-0.746788381834 18440 -0.13685536053 32234 -0.142843559053 -5.74648935543 0.772545506304 
-0.364513338695 18978 -0.0306584854724 32452 -0.197167337375 -5.75211352244 0.415553697788 
-0.0012916217721 19508 3.38439588876e-05 32486 -0.0015763156423 -5.72399268739 0.0020381862574 
-0.0059823165389 19560 0.000134581388613 32478 -0.00797629922766 -5.69024768532 0.00997133755776 
0.00237326999449 19564 -6.45044997362e-05 32460 0.00310880159539 -5.68181143481 -0.00391167721786 
-0.00123457709862 19564 3.05579567613e-05 32454 -0.00162144652046 -5.72680477089 0.0020381862574 
-0.00124456583226 19568 2.53005971549e-05 32446 -0.00161388320173 -5.68462351831 0.0020381862574 
-0.161941478053 19936 0.0995640948691 32722 -0.555479849781 -5.6283818482 0.587108094659 

 
