-0.00550184133392 19214 -0.000177904574614 31598 -0.00709457467792 -5.91521436575 0.00897969364522 
-0.00489426298191 19212 -0.000158258248648 31600 -0.00631110788391 -5.91521436575 0.00798804973267 
-0.00489459437248 19212 -0.000158218049776 31598 -0.00631085188459 -5.93771103379 0.00798804973267 
-0.00489459437248 19210 -0.000158218049776 31610 -0.00631085188459 -5.92646269977 0.00798804973267 
-0.00185649691673 19210 -6.00113715719e-05 31610 -0.00239367681448 -5.92646269977 0.00302983016995 
-0.00489459437248 19212 -0.000158218049776 31598 -0.00631085188459 -5.89834186472 0.00798804973267 
-0.00550221386363 19218 -0.000177859385417 31598 -0.00709428689861 -5.92083853276 0.00897969364522 
-0.00489459437248 19198 -0.000158218049776 31604 -0.00631085188459 -5.92083853276 0.00798804973267 
-0.0054993917472 19214 -0.000178602110606 31606 -0.00709645613379 -5.95739561833 0.00897969364522 
-0.0054993917472 19214 -0.000178602110606 31604 -0.00709645613379 -5.90677811523 0.00897969364522 
-0.00367746822811 19208 -0.0001194320422 31612 -0.00474543243396 -5.89271769771 0.00600476190758 
-0.0054993917472 19220 -0.000178602110606 31616 -0.00709645613379 -5.89271769771 0.00897969364522 
-0.00549729471743 19212 -0.000175396214022 31616 -0.00709816067159 -5.90396603173 0.00897969364522 
-0.00124776089126 19208 -3.98109520374e-05 31592 -0.00161112105884 -5.92083853276 0.0020381862574 
-0.00367606593478 19206 -0.0001172882446 31608 -0.00474657226613 -5.92083853276 0.00600476190758 
-0.00610437097831 19214 -0.000194765537162 31602 -0.00788202347342 -5.91240228224 0.00997133755776 
-0.00610437097831 19220 -0.000194765537162 31606 -0.00788202347342 -5.92646269977 0.00997133755776 
-0.0097468285436 19206 -0.000310981476006 31604 -0.0125852002844 -5.93208686678 0.015921201033 
-0.00246123528875 19214 -7.95507858771e-05 31594 -0.00317934683891 -5.9405231173 0.00402147408249 
-0.00246123528875 19212 -7.95507858771e-05 31602 -0.00317934683891 -5.9405231173 0.00402147408249 
-0.00731650764184 19210 -0.000236480411054 31608 -0.0094512359502 -5.93489895029 0.0119546253828 
-0.00731650764184 19210 -0.000236480411054 31608 -0.0094512359502 -5.89271769771 0.0119546253828 
-0.00488999398006 19210 -0.000154423917249 31608 -0.00631451111808 -5.93771103379 0.00798804973267 
-0.0042829455859 19204 -0.000135253588744 31610 -0.00553062184342 -5.92927478328 0.00699640582013 
-0.00306884879757 19204 -9.69129317336e-05 31610 -0.00396284329408 -5.96020770183 0.00501311799504 
-0.00306884879757 19214 -9.69129317336e-05 31598 -0.00396284329408 -5.96020770183 0.00501311799504 
-0.00306884879757 19214 -9.69129317336e-05 31606 -0.00396284329408 -5.91521436575 0.00501311799504 
-0.00488999398006 19220 -0.000154423917249 31606 -0.00631451111808 -5.93489895029 0.00798804973267 
-0.00428488998068 19220 -0.00013692537494 31606 -0.00552907439768 -5.93489895029 0.00699640582013 
-0.00428488998068 19220 -0.00013692537494 31606 -0.00552907439768 -5.93489895029 0.00699640582013 
-3.36220837705e-05 19218 -1.07440714868e-06 31620 -4.33847784681e-05 -5.91240228224 5.48984323139e-05 
-0.00428488998068 19216 -0.00013692537494 31612 -0.00552907439768 -5.96301978534 0.00699640582013 
-0.00306881504878 19190 -9.58970751336e-05 31616 -0.00396289414185 -5.96301978534 0.00501311799504 
-0.00428289848542 19228 -0.000133835839344 31614 -0.00553069280756 -5.92646269977 0.00699640582013 
-0.0036758567671 19218 -0.000114866457239 31596 -0.00474679347471 -5.88146936368 0.00600476190758 
-0.00792514879534 19214 -0.000247652131976 31598 -0.0102340888047 -5.88146936368 0.0129462692954 
-0.00488994020374 19214 -0.00015280522145 31604 -0.00631459214041 -5.90677811523 0.00798804973267 
-0.003069028728 19214 -9.89399542696e-05 31604 -0.00396265385623 -5.90677811523 0.00501311799504 
-0.003069028728 19224 -9.89399542696e-05 31606 -0.00396265385623 -5.88428144719 0.00501311799504 
-0.0012477767695 19198 -4.02260739325e-05 31596 -0.00161109845023 -5.89552978121 0.0020381862574 
-0.00853162485325 19214 -0.000266701910045 31610 -0.0110184242089 -5.90959019874 0.0139379132079 
-0.00246161012176 19208 -7.69508894909e-05 31614 -0.00317912062766 -5.90959019874 0.00402147408249 
-0.0067106204338 19210 -0.000209776603879 31596 -0.00866663313451 -5.90959019874 0.0109629814703 
0.000573397243983 19210 1.79246207862e-05 31600 0.000740531162947 -5.89834186472 -0.000936745480232 
-0.00731762190695 19202 -0.000228751705934 31592 -0.00945056349263 -5.89834186472 0.0119546253828 
-0.00306861159491 19210 -9.59259915463e-05 31600 -0.00396305098578 -5.93208686678 0.00501311799504 
-0.00306861159491 19210 -9.59259915463e-05 31600 -0.00396305098578 -5.93208686678 0.00501311799504 
-0.00306861159491 19206 -9.59259915463e-05 31616 -0.00396305098578 -5.91802644925 0.00501311799504 
-0.00429040059474 19190 -0.000142760880535 31592 -0.00552465170554 -5.93489895029 0.00699640582013 
-0.00489850563346 19190 -0.000162995263984 31592 -0.00630769479561 -5.93489895029 0.00798804973267 
-0.00185466682518 19204 -5.79642026339e-05 31600 -0.00239514550237 -5.96583186884 0.00302983016995 
-0.00488976939499 19204 -0.000152820754756 31600 -0.00631472403295 -5.96583186884 0.00798804973267 
-0.00488976939499 19204 -0.000152820754756 31600 -0.00631472403295 -5.96583186884 0.00798804973267 
-0.00488976939499 19204 -0.000152820754756 31600 -0.00631472403295 -5.96583186884 0.00798804973267 
-0.00488976939499 19212 -0.000152820754756 31596 -0.00631472403295 -5.91802644925 0.00798804973267 
-0.00367384711187 19208 -0.00011538078023 31600 -0.0047483365762 -5.93771103379 0.00600476190758 
-0.00610068646383 19200 -0.000191598055852 31598 -0.00788495323676 -5.90677811523 0.00997133755776 
-0.00610068646383 19206 -0.000191598055852 31594 -0.00788495323676 -5.90677811523 0.00997133755776 
-0.00488726678785 19202 -0.000153489418041 31602 -0.00631664490648 -5.90396603173 0.00798804973267 
-0.0024604274359 19208 -7.72721424185e-05 31574 -0.00318002824592 -5.91802644925 0.00402147408249 
-0.00489339275875 19208 -0.000160167927467 31574 -0.0063117344744 -5.91802644925 0.00798804973267 
-0.00307098179363 19208 -0.000100517741662 31574 -0.00396110073578 -5.91521436575 0.00501311799504 
-0.00489339275875 19198 -0.000160167927467 31588 -0.0063117344744 -5.90959019874 0.00798804973267 
-0.00367845211534 19216 -0.000120401136931 31598 -0.00474464531532 -5.96020770183 0.00600476190758 
-0.00550086308045 19212 -0.000180051322736 31596 -0.00709527905394 -5.91521436575 0.00897969364522 
-0.00550086308045 19194 -0.000180051322736 31600 -0.00709527905394 -5.91521436575 0.00897969364522 
-0.00307125212345 19212 -9.73113250342e-05 31604 -0.00396097121075 -5.91521436575 0.00501311799504 
-0.00489382351023 19196 -0.000155058728858 31604 -0.00631152808541 -5.92365061626 0.00798804973267 
-0.00550134730583 19208 -0.000174307863466 31600 -0.00709504704363 -5.9405231173 0.00897969364522 
-0.00428629971464 19216 -0.00013580959425 31604 -0.00552800912719 -5.92927478328 0.00699640582013 
-0.00246251396104 19220 -7.7564431705e-05 31598 -0.00317840566114 -5.92927478328 0.00402147408249 
-0.00246251396104 19210 -7.7564431705e-05 31602 -0.00317840566114 -5.93208686678 0.00402147408249 
-0.00671308439928 19204 -0.00021144918756 31600 -0.00866468405699 -5.93208686678 0.0109629814703 
-0.00367696265768 19212 -0.000115817219092 31596 -0.00474591377424 -5.91802644925 0.00600476190758 
-0.004284187006 19200 -0.000134943612786 31608 -0.00552966783079 -5.91802644925 0.00699640582013 
-0.00246422910709 19198 -8.04596638245e-05 31598 -0.00317700408347 -5.90959019874 0.00402147408249 
-0.00489481823241 19212 -0.000159820946976 31606 -0.0063106378654 -5.90959019874 0.00798804973267 
-0.00367952366975 19212 -0.0001201403054 31598 -0.00474382097444 -5.92646269977 0.00600476190758 
-0.00367952366975 19222 -0.0001201403054 31612 -0.00474382097444 -5.9433352008 0.00600476190758 
-0.00610918974196 19212 -0.000198707282356 31614 -0.00787819070622 -5.92646269977 0.00997133755776 
-0.00428652328931 19210 -0.000139423299906 31610 -0.00552774580037 -5.92646269977 0.00699640582013 
-0.00610918974196 19212 -0.000198707282356 31614 -0.00787819070622 -5.89271769771 0.00997133755776 
-0.00489407877352 19210 -0.000159184627389 31606 -0.00631122743566 -5.91240228224 0.00798804973267 
-0.00246385683666 19206 -8.01393174556e-05 31604 -0.00317730089453 -5.96020770183 0.00402147408249 
-0.00245908085362 19208 -7.761671501e-05 31608 -0.00318106126899 -5.90959019874 0.00402147408249 
-0.00609734758207 19214 -0.000192452431525 31602 -0.00788751464124 -5.92365061626 0.00997133755776 
-0.00185270306554 19224 -5.84774289242e-05 31604 -0.00239665237362 -5.92365061626 0.00302983016995 
-0.00367183642977 19216 -0.000115895287182 31602 -0.00474987905974 -5.95458353482 0.00600476190758 
-0.00124632527747 19220 -3.93381428385e-05 31614 -0.00161224347824 -5.89552978121 0.0020381862574 
-0.00367183642977 19220 -0.000115895287182 31614 -0.00474987905974 -5.89552978121 0.00600476190758 
-0.00427821421784 19210 -0.000135034573267 31606 -0.00553428795512 -5.90396603173 0.00699640582013 
-0.00428483502911 19216 -0.000135500842414 31606 -0.00552915207739 -5.9405231173 0.00699640582013 
-0.0067140998157 19212 -0.000212322335608 31614 -0.00866387589989 -5.91240228224 0.0109629814703 
-0.00428483502911 19208 -0.000135500842414 31614 -0.00552915207739 -5.92646269977 0.00699640582013 
-0.00428353891927 19208 -0.000134386400697 31600 -0.00553018345286 -5.92646269977 0.00699640582013 
-0.00428353891927 19212 -0.000134386400697 31596 -0.00553018345286 -5.89834186472 0.00699640582013 
-0.00185500895537 19214 -5.8196734399e-05 31616 -0.00239487489743 -5.93771103379 0.00302983016995 
-0.0036764064283 19212 -0.000115338984122 31608 -0.004746356314 -5.92083853276 0.00600476190758 
-0.0012478764644 19198 -3.91493178246e-05 31596 -0.00161104775857 -5.91802644925 0.0020381862574 
-0.0012478764644 19210 -3.91493178246e-05 31602 -0.00161104775857 -5.8899056142 0.0020381862574 
-0.0048875915262 19220 -0.000153443027284 31614 -0.00631639476617 -5.91521436575 0.00798804973267 
-0.00489224561834 19206 -0.00015885460569 31600 -0.00631265685395 -5.91802644925 0.00798804973267 
-0.00610565812123 19218 -0.000192351866023 31624 -0.00788108573466 -5.93771103379 0.00997133755776 
-0.000640302342853 19212 -2.043966884e-05 31602 -0.000827554233424 -5.89552978121 0.00104654234486 
-0.203383900595 19284 0.0842633523294 31750 -0.729127040339 -5.92927478328 0.761637423267 
0.186817965375 19768 0.870329025065 32892 -1.70440252307 -5.8870935307 1.92285244486 
0.822952670955 20704 1.86506745075 34190 -1.80693028974 -5.8870935307 2.72410072619 
1.68347825126 21922 2.77894287796 36092 -2.7138362258 -5.77179810698 4.23338276108 
3.0017304899 23460 3.6808809338 37436 -3.89780880365 -5.783046441 6.14428058056 
4.08656031131 24852 4.4250410394 38898 -4.90612664197 -5.74648935543 7.76859330931 
4.83894025491 25984 5.14975137014 40328 -5.5627050096 -5.69024768532 8.9932735413 
5.45829851588 26848 5.85991655809 41420 -6.20962979042 -5.70149601934 10.1336640407 
5.90167324127 27440 6.53301410578 42274 -6.97385379543 -5.69305976883 11.2314138519 
6.20183359701 27846 7.07319343423 43000 -7.42783319739 -5.75211352244 11.9860548694 
6.24756156402 27810 7.77470900201 43884 -7.89091576259 -5.73805310491 12.7178880768 
6.06528090822 27414 8.33567750014 44536 -8.13404009814 -5.74930143893 13.1314035883 
6.13782675729 27326 8.92430355871 44990 -8.73688784416 -5.80554310904 13.9157939232 
6.52592551313 27710 9.36723345889 45208 -9.14705473489 -5.81397935956 14.6287858963 
6.54205683991 27840 9.69645522676 45600 -9.21303893691 -5.91521436575 14.8895882453 
6.39227572051 27564 9.7743491139 45588 -9.24542946879 -5.96864395235 14.8955381088 
6.100127395 26726 9.29303927958 45110 -8.8043301502 -5.99114062039 14.1805628478 
5.6795084751 26252 8.46406260971 44202 -8.1681314615 -5.92365061626 13.0619885145 
4.93002918273 25640 7.01149299618 41848 -6.91717756605 -5.93771103379 11.0142438351 
4.26984653886 24966 5.9400042243 39786 -5.8488616397 -5.92927478328 9.36613165242 
3.41149272859 24066 4.8171961508 38198 -4.63771221446 -5.99957687091 7.50679931639 
2.91651379698 23536 4.16767700619 37222 -3.93938073168 -5.92083853276 6.43384060302 
2.51819708449 23082 3.61393279986 36372 -3.49785133256 -5.97426811936 5.62465917038 
2.08433712942 22582 3.07028940731 35616 -2.83950868076 -5.96301978534 4.67268101434 
1.51773864675 21856 2.23550909827 34406 -2.11946533666 -5.93208686678 3.43411776757 
-0.00415258656575 19232 0.000327235227885 31594 -0.00562126643377 -5.9405231173 0.00699640582013 
-0.00182483967329 19226 -1.04118905285e-05 31604 -0.00241861998215 -5.91240228224 0.00302983016995 
-0.00474966712542 19212 -4.11728769173e-07 31590 -0.00642258519288 -5.91240228224 0.00798804973267 
-0.0062710605694 19246 -1.98783843004e-05 31606 -0.00775248198164 -5.89271769771 0.00997133755776 
-0.00378575060031 19204 -5.24757096319e-06 31596 -0.00466103319255 -5.89271769771 0.00600476190758 
0.00928773967211 19214 0.000212989812395 31592 0.0115463336676 -5.90677811523 -0.0148197602559 
0.017650596603 19350 0.0246863389161 31142 0.036598824263 -5.94614728431 -0.0475440093698 
-0.0665781200044 19514 -0.430190788203 30308 -0.584651738333 -5.86740894616 0.728913174153 
0.296900297584 20088 -1.62358732487 28444 -1.98467749688 -5.82803977708 2.58130400279 
0.715919317432 20582 -2.33021722168 27084 -2.5945230449 -5.85334852863 3.56005654447 
1.12407244039 21192 -3.43347241775 25274 -3.80214150503 -5.84772436162 5.24485955188 
1.46348584761 21640 -4.2096037406 24032 -4.7781332745 -5.80273102554 6.53399663819 
1.69836248416 22018 -4.83712903913 23094 -5.59708193163 -5.8364760276 7.59009740505 
1.95327755245 22342 -5.30428465082 22422 -6.37924717619 -5.87303311317 8.52323432675 
2.21075809727 22730 -5.87228971163 21780 -7.24088558842 -5.87022102966 9.58131838144 
2.34233992952 23020 -6.44218825194 21348 -8.10831624834 -5.84772436162 10.61758627 
2.44809575623 23264 -7.00070925779 20904 -8.94048890091 -5.82241561007 11.61617169 
2.66606965107 23558 -7.51199446003 20442 -9.8079112896 -5.82803977708 12.6385565638 
2.75415408102 23406 -7.9559909466 19914 -10.5458142104 -5.86178477915 13.4943452603 
2.98347978418 23630 -8.33896322202 19788 -11.1545787486 -6.29765772247 14.2430364143 
2.92753465894 23624 -8.60791716967 19528 -11.534724755 -6.47200689981 14.6872928871 
2.62266033408 23130 -8.003723192 20402 -11.0675498231 -6.62385940909 13.9078607719 
2.42027267519 22706 -7.18487641176 21494 -10.2739209085 -6.6801010792 12.7684619164 
2.06822720994 22246 -6.36169112287 22718 -9.1721415759 -6.71384608126 11.3523944092 
1.88892533964 21966 -5.51949583619 23686 -8.1095463958 -6.60136274105 9.98987567341 
1.5184301966 21606 -4.70698012566 24860 -7.28811945027 -6.67728899569 8.80783612965 
1.34403987278 21378 -3.98283863299 25826 -6.25779647934 -6.66604066167 7.5385319216 
1.06870590963 21076 -3.27592352706 26850 -5.26103372455 -6.66322857817 6.28906059179 
0.681444876254 20638 -2.4029603762 28236 -4.08804266038 -6.66885274518 4.79068663993 
-0.00254949221577 19710 -1.02580639113 30614 -1.90408758521 -6.65479232765 2.16283027169 
-0.108848897516 19420 -0.148159406807 31732 -0.36713669719 -6.6294835761 0.410595478226 
-0.00365191473231 19414 -0.00230275370043 31820 -0.00550550075679 -6.49450356785 0.00699640582013 
-0.00161162191434 19310 -0.000581146744034 31930 -0.00249896260993 -6.52543648641 0.00302983016995 
-0.00576565083859 19294 0.000479972202412 32070 -0.00931202769597 -6.50293981836 0.0109629814703 
-0.0022886631733 19302 -0.000380994943172 32006 -0.00328467921244 -6.54793315445 0.00402147408249 
-0.00405197475256 19290 -0.000974644203106 32010 -0.00561972096121 -6.52543648641 0.00699640582013 
-0.00229947071022 19294 -0.000498298027717 31996 -0.00326134747069 -6.49731565135 0.00402147408249 
-0.00172415157689 19280 -0.000329550056051 32002 -0.00246952808431 -6.48887940084 0.00302983016995 
-0.00281433915045 19288 -0.000797610232469 32012 -0.00407119946643 -6.49169148434 0.00501311799504 
-0.19348632232 19156 0.0381385682377 32150 -0.0910777497863 -6.51137606888 0.21722491528 
-1.17486608928 18062 0.160667894539 32586 -0.0544933178194 -6.46075856578 1.18705266175 
-2.4885486189 15980 0.431353376224 32880 0.301778967047 -6.45513439877 2.54362153411 
-3.33082538521 14422 0.395184669864 32824 0.683956047007 -6.51137606888 3.42320968454 
-4.40777388999 12714 -0.239032303076 31780 1.06451316399 -6.48325523383 4.54079237397 
-4.76169789299 11728 -0.516137840744 31370 1.34968347472 -6.53668482043 4.97612405158 
-6.51934017227 11434 -0.734198183258 31742 2.23453002448 -6.54512107094 6.93065420321 
-7.29306193205 11358 -0.802151256456 31590 2.55621817581 -6.54793315445 7.76958495322 
-7.8879107382 11326 -0.936351045617 31378 2.99037853096 -6.50856398537 8.4875351459 
-8.57220619254 11318 -0.999957655999 31410 3.41343632183 -6.49169148434 9.28085027594 
-9.20073922979 11298 -1.08373761816 31342 3.73493166673 -6.50012773486 9.98888402949 
-9.56125563731 11298 -1.03868388625 31426 3.9718187699 -6.51137606888 10.4053744728 
-10.3150113195 11284 -1.0228028722 31638 4.26204601785 -6.46357064929 11.207614398 
-9.34863748021 11286 -0.891244520562 31630 3.56635345704 -6.51700023589 10.0454077325 
-7.73633889007 11320 -0.679820885766 31820 2.46313861204 -6.44388606475 8.1474012839 
-6.62093173557 11376 -0.548605896683 31924 1.5825466458 -6.34546314207 6.82950652413 
-5.6542428752 11830 -0.482979915009 31982 0.9956001443 -6.30046980598 5.76150603032 
-4.30417401975 13598 -0.42383700705 32014 0.513385865646 -6.19079854927 4.35535496233 
-3.47615442423 14728 -0.356760536273 32054 0.238468402843 -6.13174479566 3.50254119754 
-2.57573776001 15964 -0.264031729075 32136 -0.00335824154775 -6.02769770596 2.58923715409 
-1.18671334519 17932 -0.128856253572 32304 -0.164002864458 -6.00238895441 1.20490225217 
-0.0725754684933 19502 -0.00127458752374 32312 -0.0520209180811 -5.92083853276 0.0893028505613 
-0.100203923378 20026 -0.194141438774 31772 -0.575811531524 -5.91240228224 0.615865768122 
1.8473301748 22810 -0.366874841377 31514 -1.98729188642 -5.74648935543 2.73798374097 

 
