-0.0153537424303 18454 0.00118276397493 32162 -0.0207472241932 0.0210939140178 0.0258376401585 
-0.0153537424303 18454 0.00118276397493 32150 -0.0207472241932 0.0210939140178 0.0258376401585 
-0.0177108377567 18462 0.00136434103669 32156 -0.0239323229015 0.00984557999646 0.0298042158086 
-0.0183001115883 18452 0.00140973530213 32166 -0.0247285975786 0.00984557999646 0.0307958597212 
-0.0165322900935 18440 0.00127355250581 32160 -0.0223397735474 -0.00140275402489 0.0278209279836 
-0.0164971726351 18440 0.00127071854963 32160 -0.0223658803377 -0.00140275402489 0.0278209279836 
-0.0182612389697 18436 0.00140659830695 32164 -0.0247574960055 -0.0098390045409 0.0307958597212 
-0.0200253053043 18442 0.00154247806427 32146 -0.0271491116732 0.00140932948045 0.0337707914588 
-0.017064217244 18438 0.00131107517884 32166 -0.0231788237621 0.0182818305125 0.0288125718961 
-0.0194134177545 18438 0.00149156857244 32166 -0.0263698113027 0.0182818305125 0.0327791475463 
-0.0135404164781 18438 0.00104033508843 32166 -0.0183923424511 0.0182818305125 0.0228627084208 
-0.017064217244 18434 0.00131107517884 32138 -0.0231788237621 0.0182818305125 0.0288125718961 
-0.015302316861 18454 0.00117570513363 32152 -0.0207855831066 -0.00702692103556 0.0258376401585 
-0.0164769171163 18444 0.00126595183044 32174 -0.0223810768769 -0.0098390045409 0.0278209279836 
-0.0182388174993 18444 0.00140132187564 32174 -0.0247743175324 -0.0098390045409 0.0307958597212 
-0.0176313763738 18444 0.00136662226178 32164 -0.0239907938745 0.0126576635018 0.0298042158086 
-0.0158714863807 18436 0.00123021176314 32166 -0.0215961335162 0.0464026655658 0.026829284071 
-0.0182180063715 18444 0.00141209242799 32164 -0.0247890139939 0.00703349649112 0.0307958597212 
-0.018230110132 18448 0.00139236928116 32162 -0.0247812301617 0.0210939140178 0.0307958597212 
-0.018230110132 18448 0.00139236928116 32162 -0.0247812301617 0.0210939140178 0.0307958597212 
-0.018230110132 18448 0.00139236928116 32152 -0.0247812301617 0.0267180810285 0.0307958597212 
-0.0170560706409 18454 0.00130269914146 32152 -0.0231852912103 0.0267180810285 0.0288125718961 
-0.0176430903865 18436 0.00134753421131 32178 -0.023983260686 0.0492147490712 0.0298042158086 
-0.0158820311498 18452 0.00121302900176 32168 -0.0215893522589 -0.00421483753023 0.026829284071 
-0.0171062169361 18438 0.00130010100644 32162 -0.0231484638535 0.0323422480391 0.0288125718961 
-0.0159287256692 18440 0.00121060970706 32160 -0.0215550598806 -0.00140275402489 0.026829284071 
-0.0176949625695 18440 0.00134484665613 32160 -0.02394516584 -0.00140275402489 0.0298042158086 
-0.0188724538363 18420 0.00143433795551 32154 -0.0255385698129 -0.0238994220676 0.0317875036337 
-0.0171062169361 18420 0.00130010100644 32154 -0.0231484638535 -0.0238994220676 0.0288125718961 
-0.0176949625695 18448 0.00134484665613 32166 -0.02394516584 0.0295301645338 0.0298042158086 
-0.0171388099365 18436 0.00128452942859 32160 -0.0231252130234 -0.00140275402489 0.0288125718961 
-0.0189084121021 18436 0.00141715859404 32160 -0.0255129183074 -0.00140275402489 0.0317875036337 
-0.0189084121021 18448 0.00141715859404 32148 -0.0255129183074 0.0351543315445 0.0317875036337 
-0.0171388099365 18434 0.00128452942859 32152 -0.0231252130234 0.0351543315445 0.0288125718961 
-0.017728677325 18426 0.0013287391504 32160 -0.0239211147847 0.0351543315445 0.0298042158086 
-0.0213310265163 18438 0.00160945811354 32150 -0.028648754559 0.00422141298578 0.0357540792839 
-0.0201477890778 18456 0.00152018106472 32154 -0.0270596008944 -0.00140275402489 0.0337707914588 
-0.020739407797 18454 0.00156481958913 32160 -0.0278541777267 -0.0238994220676 0.0347624353714 
-0.0177813142009 18448 0.00134162696709 32158 -0.023881293565 -0.0238994220676 0.0298042158086 
-0.0171896954817 18450 0.00129698844269 32156 -0.0230867167327 0.0435905820605 0.0288125718961 
-0.0172094781672 18428 0.00127178494097 32162 -0.0230733769428 0.0182818305125 0.0288125718961 
-0.0189863769103 18438 0.00140309822317 32152 -0.0254557300909 0.0351543315445 0.0317875036337 
-0.0166171785861 18452 0.0012280138469 32168 -0.0222792592268 0.0351543315445 0.0278209279836 
-0.0178379758046 18432 0.00132461223538 32158 -0.0238399517951 0.00422141298578 0.0298042158086 
-0.0190249837253 18434 0.00141275705813 32152 -0.0254263544184 0.00422141298578 0.0317875036337 
-0.0190249837253 18446 0.00141275705813 32158 -0.0254263544184 0.0210939140178 0.0317875036337 
-0.015463959963 18430 0.0011483225899 32170 -0.0206671465483 -0.00140275402489 0.0258376401585 
-0.0178379758046 18430 0.00132461223538 32170 -0.0238399517951 -0.00140275402489 0.0298042158086 
-0.0213989995669 18446 0.00158904670361 32170 -0.0285991596651 -0.0267115055729 0.0357540792839 
-0.018400187959 18416 0.0013868092125 32150 -0.0246555230983 0.00422141298578 0.0307958597212 
-0.0178076916122 18436 0.00134215317997 32164 -0.0238616014604 0.00422141298578 0.0298042158086 
-0.018400187959 18436 0.0013868092125 32170 -0.0246555230983 0.00422141298578 0.0307958597212 
-0.0172151952655 18432 0.00129749714744 32158 -0.0230676798224 0.0267180810285 0.0288125718961 
-0.0172151952655 18442 0.00129749714744 32158 -0.0230676798224 -0.00421483753023 0.0288125718961 
-0.017216427608 18424 0.00127085560582 32158 -0.0230682432299 0.00984557999646 0.0288125718961 
-0.0166238888477 18426 0.00122711649673 32160 -0.0222743022012 0.0323422480391 0.0278209279836 
-0.0195865826494 18438 0.00144581204217 32156 -0.0262440073449 0.0267180810285 0.0327791475463 
-0.0195865826494 18416 0.00144581204217 32148 -0.0262440073449 0.0126576635018 0.0327791475463 
-0.0177537342813 18430 0.00133146619483 32168 -0.0239023722005 0.0126576635018 0.0298042158086 
-0.0177537342813 18438 0.00133146619483 32162 -0.0239023722005 0.00703349649112 0.0298042158086 
-0.0230700440189 18442 0.00173017029756 32180 -0.0310598756343 0.0239059975231 0.0387290110216 
-0.0171343004205 18426 0.00129268332681 32158 -0.0231281001854 0.0407784985552 0.0288125718961 
-0.0189034369733 18426 0.00142615439179 32158 -0.0255161035723 0.0407784985552 0.0317875036337 
-0.018313724789 18426 0.0013816640368 32158 -0.0247201024433 0.0407784985552 0.0307958597212 
-0.0177240126048 18436 0.0013371736818 32158 -0.0239241013144 0.00703349649112 0.0298042158086 
-0.0189034369733 18442 0.00142615439179 32162 -0.0255161035723 -0.0126510880462 0.0317875036337 
-0.0194931491576 18438 0.00147064474678 32168 -0.0263121047012 -0.0126510880462 0.0327791475463 
-0.0159548760519 18442 0.00120370261683 32162 -0.0215360979275 -0.0126510880462 0.026829284071 
-0.0159289337495 18442 0.00121405696888 32162 -0.0215547122236 0.0210939140178 0.026829284071 
-0.0159289337495 18436 0.00121405696888 32150 -0.0215547122236 -0.0295235890783 0.026829284071 
-0.0176951937225 18440 0.00134867616328 32166 -0.0239447796335 -0.0295235890783 0.0298042158086 
-0.0188727003711 18436 0.00143842229289 32168 -0.0255381579068 0.0126576635018 0.0317875036337 
-0.0176438012478 18436 0.00137286426206 32156 -0.0239813010743 0.0182818305125 0.0298042158086 
-0.015882671056 18432 0.00123583071315 32160 -0.0215875882474 0.00703349649112 0.026829284071 
-0.0164697144533 18438 0.00128150856278 32168 -0.022385492523 0.00703349649112 0.0278209279836 
-0.0170567578505 18428 0.00132718641242 32152 -0.0231833967986 -0.00140275402489 0.0288125718961 
-0.0188178880424 18444 0.00146421996133 32156 -0.0255771096255 0.0126576635018 0.0317875036337 
-0.0182308446451 18442 0.00141854211169 32164 -0.0247792053499 0.0126576635018 0.0307958597212 
-0.0182613423127 18452 0.00140049043174 32156 -0.0247577660434 0.00140932948045 0.0307958597212 
-0.0159092405557 18432 0.00122010412997 32148 -0.0215689103715 0.00140932948045 0.026829284071 
-0.0159092405557 18436 0.00122010412997 32162 -0.0215689103715 0.00140932948045 0.026829284071 
-0.0159092405557 18446 0.00122010412997 32158 -0.0215689103715 0.00140932948045 0.026829284071 
-0.0194302231351 18446 0.00150236089338 32158 -0.0263568179894 0.00422141298578 0.0327791475463 
-0.0159033719629 18442 0.00122966184916 32152 -0.0215726951425 -0.0154631715516 0.026829284071 
-0.0188424146064 18446 0.00145691105268 32152 -0.0255594641816 0.0126576635018 0.0317875036337 
-0.017666797549 18432 0.00136601137127 32154 -0.023964756566 -0.0182752550569 0.0298042158086 
-0.0182546060777 18426 0.00141146121198 32156 -0.0247621103738 0.00703349649112 0.0307958597212 
-0.0212803646159 18426 0.00160420844371 32156 -0.0286867004468 0.00703349649112 0.0357540792839 
-0.0171488693808 18448 0.00129275797465 32162 -0.0231172955824 0.0239059975231 0.0288125718961 
-0.0159800224677 18438 0.00120934138673 32154 -0.0215171294346 0.0239059975231 0.026829284071 
-0.0201145138586 18448 0.00152223278362 32144 -0.0270842296427 0.0239059975231 0.0337707914588 
-0.0177519473495 18434 0.00134343769968 32148 -0.0239030295238 0.0351543315445 0.0298042158086 
-0.0147987392131 18442 0.00111994384477 32162 -0.0199265293752 0.0351543315445 0.0248459962459 
-0.0207051554859 18442 0.0015669315546 32162 -0.0278795296724 0.0351543315445 0.0347624353714 
-0.0189332306041 18430 0.00143283524165 32158 -0.0254936295833 0.0210939140178 0.0317875036337 
-0.016570664095 18430 0.00125404015772 32150 -0.0223124294643 0.0126576635018 0.0278209279836 
-0.0207709123555 18440 0.0015402442848 32152 -0.0278320635313 0.00140932948045 0.0347624353714 
-0.0195858774996 18440 0.00145236932135 32152 -0.0262441715393 0.0126576635018 0.0327791475463 
-0.0166232903599 18446 0.00123268191273 32170 -0.0222744415593 0.0126576635018 0.0278209279836 
-0.0166232903599 18446 0.00123268191273 32170 -0.0222744415593 0.0126576635018 0.0278209279836 
-0.0166396300061 18438 0.00122512921317 32158 -0.0222626549525 -0.0126510880462 0.0278209279836 
-0.0188291794399 18438 0.00145025411962 32158 -0.0255695942845 0.0154697470071 0.0317875036337 
-0.0188657485729 18432 0.00144974725841 32156 -0.025542653561 0.00984557999646 0.0317875036337 
-0.0159606112789 18430 0.00121883060595 32146 -0.0215309968028 0.0210939140178 0.026829284071 
-0.016586093053 18434 0.00124657646046 32168 -0.0223013810835 0.0126576635018 0.0278209279836 
-0.0160286070297 18440 0.00119078187681 32156 -0.021481998952 -0.00140275402489 0.026829284071 
0.00724825544156 18428 -0.00101009327849 32176 0.00931356361705 0.00422141298578 -0.0118448285182 
-0.188061785156 18618 0.406188555385 32716 -0.746856009999 0.0239059975231 0.870718253646 
0.0615310140395 19144 0.957467406276 33826 -1.45916856345 0.0379664150498 1.74633982842 
0.608134630088 20114 1.65542006227 35302 -2.39342967262 0.0520268325765 2.97300334824 
1.27182681414 21150 2.54863007021 37474 -3.43002013132 0.0717114171139 4.45848592923 
1.96876298682 22064 3.20787619267 38042 -4.40529308506 0.0492147490712 5.79423027943 
2.21576259522 22454 3.50787348702 38320 -4.95354216645 0.0126576635018 6.46160663257 
2.72738402773 23178 4.0648411322 39218 -5.5015431585 -0.00421483753023 7.36400259299 
2.96203858519 23460 4.4959479521 39816 -5.85755395534 -0.0632685911423 7.95601400878 
3.06357278207 23630 4.71092792909 40164 -6.0490641226 -0.122322344754 8.25648211428 
3.43417311593 24050 5.35886897315 41206 -6.66153575448 -0.20949693342 9.21341848988 
3.64018856002 24334 5.75630061264 41936 -7.15028627921 -0.327604440644 9.87484497955 
3.81823091217 24552 6.1218299416 42426 -7.28851051965 -0.358537359203 10.255636242 
4.14046834753 25072 6.56466917176 43194 -7.53724226894 -0.406342778793 10.8188899843 
4.3601452258 25314 6.84992189162 43512 -7.67473461526 -0.400718611783 11.1729068611 
4.64314324362 25760 7.16259106717 43908 -7.41194383095 -0.417591112815 11.3047955014 
5.1861628291 26602 7.83670338361 44896 -7.93814707132 -0.451336114879 12.3013976335 
5.63613691365 27154 8.31212240379 45312 -8.13960325264 -0.42040319632 12.9271249424 
5.77995924189 27250 8.53490449872 45312 -8.40615276214 -0.437275697352 13.3009746974 
5.92489646475 27406 8.85768793195 45418 -8.68149447415 -0.442899864363 13.7452311702 
6.00397405385 27496 9.071547101 45500 -8.80785906941 -0.473832782922 13.997108724 
5.66454798101 26858 8.81814932798 45398 -8.63321880128 -0.50476570148 13.5786349929 
5.03976589904 25978 8.08753704337 44848 -7.80119488937 -0.532886536534 12.3152806483 
4.478357803 25414 7.36086556859 43556 -6.84044775663 -0.518826119007 11.0013524642 
3.81605703721 24802 6.42915148511 41636 -6.03009191481 -0.538510703544 9.60511783534 
3.2246920382 24124 5.56121907956 40070 -5.27382663975 -0.507577784986 8.31498910512 
3.01737777728 23884 5.33075558584 39782 -5.21428433882 -0.558195288082 8.04427031699 
2.38140277219 23136 4.40146483214 38230 -4.27168885054 -0.577879872619 6.57961225817 
1.61056598046 22188 3.16371079901 36152 -3.32218027295 -0.538510703544 4.86208500164 
1.03735042103 21446 2.29615794922 34666 -2.38417947509 -0.493517367459 3.46882530451 
0.559407706832 20768 1.45063151213 33350 -1.62791953849 -0.54132278705 2.25108657991 
0.0418924564279 19916 0.267110029156 31676 -0.351325540016 -0.49914153447 0.44331972734 
-0.018480907695 19588 0.0101607324023 31372 -0.0336592631561 -0.490705283954 0.0397206549341 
-0.0135236489762 19534 0.00264782236152 31262 -0.0206742227076 -0.507577784986 0.0248459962459 
-0.0197711901173 19524 0.00421562977343 31266 -0.0270517072052 -0.482269033438 0.0337707914588 
-0.0507453595933 19558 -0.0311619967072 31058 -0.151393807702 -0.451336114879 0.16268450009 
0.684111552257 20484 -0.81671396146 29468 -1.5780457468 -0.451336114879 1.90401121052 
1.76859896682 21798 -1.98248262541 27060 -2.91337216571 -0.282611104559 3.94283109471 
2.39334003485 22622 -2.78759370059 25476 -3.69836955971 -0.330416524149 5.21312694668 
2.83547623708 23306 -3.20330348597 24440 -4.35073909367 -0.237617768473 6.10163989232 
3.6028852138 24512 -3.93267051505 22798 -5.15779169896 -0.262926520021 7.41953465209 
4.02159971384 25420 -4.49798617149 22384 -5.65630581834 -0.375409860235 8.27036512905 
4.39537682798 26026 -5.11368516043 21358 -6.49897945826 -1.83769328301 9.3651400085 
4.8450816982 26660 -5.53229734621 20870 -7.1396736808 -2.83879501091 10.2496863785 
5.30269970692 27362 -5.96181352937 20366 -7.87640166499 -3.95800424603 11.2115809737 
5.87084907668 28442 -6.36978288685 19976 -8.62896988677 -4.86068305125 12.2270243401 
6.12326571949 29016 -6.76824236112 19646 -9.42294407656 -5.65369059975 13.1185122175 
6.53169978335 30142 -7.3193415944 19096 -10.5790537704 -7.08785318747 14.427482182 
-0.0092195178138 19408 -0.000523005692386 32000 -0.0129696414238 -8.40109618447 0.015921201033 
-0.00747972357599 19392 -0.000510419882471 32018 -0.0105545769901 -8.38984785045 0.0129462692954 
-0.013211788897 19414 -0.000891127429234 32002 -0.0186375417473 -8.37578743292 0.0228627084208 
-0.00865211761722 19410 -0.00057350095938 32008 -0.0121533383562 -8.40109618447 0.0149295571205 
-0.0120600212935 19402 -0.000726769703546 31996 -0.0170287373758 -8.4179686855 0.0208794205958 
-0.00975947678451 19394 -0.000570455608625 32016 -0.0138011418891 -8.33923034735 0.0169128449456 
-0.0876240241615 19424 0.0084557705898 32040 -0.286303276211 -8.37297534941 0.299531360021 
0.538066489562 20382 -0.0499433484526 31552 -1.40078671875 -8.28861284425 1.50140378202 
2.2268246141 22754 -1.41393761945 29158 -3.06525641166 -8.19862617208 4.04397877379 
3.77503433466 24888 -2.21778372963 27464 -5.02638813142 -8.13676033496 6.66588527856 
5.55112376918 27456 -2.79573023218 26212 -7.34515726956 -8.04114949578 9.62197578185 
6.95456163573 30044 -3.52421849162 25296 -9.38789934445 -8.03552532877 12.2032248862 
6.57459373299 30280 -3.64594053433 25222 -9.29959713334 -8.0523978298 11.9582888398 
5.39045961308 28710 -2.79902804079 26870 -7.86878781077 -8.12269991744 9.94029347778 
4.23380220057 27106 -2.18647100823 28186 -6.39844025958 -8.11426366692 7.97783017485 
2.88993287257 24882 -1.49115033314 29478 -4.51494563994 -8.15925700301 5.56416889172 
1.64129369236 22808 -0.894781511775 30616 -2.7509974889 -8.22112284013 3.32602858111 
0.768672602043 21430 -0.369488026513 31562 -1.43001026977 -8.16488117002 1.66502502759 
0.0838253902464 20196 -0.0220342281729 32292 -0.410469312574 -8.19862617208 0.419520273439 
-0.00256696120076 19648 0.000607862122035 32374 -0.00426292925892 -8.17612950404 0.00501311799504 
-0.0102119673412 19594 0.00167202958691 32328 -0.0146113230528 -8.18737783806 0.0179044888581 
-0.0111615007664 19568 0.00178237837882 32342 -0.0163636086899 -8.19862617208 0.0198877766832 
-0.0104094616111 19578 0.00177892895886 32330 -0.0156697911413 -8.153632836 0.0188961327707 
-0.00781258839719 19572 0.00127700010662 32332 -0.0114716240287 -8.17894158754 0.0139379132079 
-0.0118380885183 19592 -0.00359904412087 32198 -0.0226823762116 -8.16206908651 0.0258376401585 
-0.424932169864 19358 -1.51322622105 28820 -0.88109100211 -8.13394825146 1.80187188753 
-0.914970696205 18484 -3.23026498624 24708 -0.806934081957 -8.12832408445 3.45295900191 
-1.59697049816 17626 -4.52072364025 21960 -0.508829156334 -8.11707575043 4.82142760122 
-2.26128153606 16808 -6.05675887427 19608 -0.993050642132 -8.10582741641 6.54093814558 
-2.46399491951 16744 -6.51487495631 19198 -1.52833678704 -8.14238450198 7.13096627354 
-2.69902916175 16528 -7.03189127904 18342 -1.59533448675 -8.14238450198 7.69917823543 
-2.88712777148 16470 -7.59543442688 17696 -1.71220054883 -8.11707575043 8.30408102208 
-3.11717829712 16362 -8.43646513272 16564 -1.86205527336 -8.12269991744 9.18466081642 
-3.24571791394 16302 -8.87552671859 16116 -1.85595975605 -8.20143825559 9.63090057706 
-3.23766967837 16284 -8.79119640728 16182 -1.77819794661 -8.19018992157 9.53570276146 
-2.54254170773 16128 -6.76312991897 19170 -1.59262894307 -8.19018992157 7.39871012993 
-2.00475619505 16786 -4.97877998255 22356 -1.37818181744 -8.04677366279 5.54136108173 
-1.51174813678 17426 -3.77965434766 24396 -1.20816993291 -8.04114949578 4.24627413195 
-0.84044499784 18532 -1.92810523891 28152 -0.832275344157 -7.90616948753 2.26199466295 
-0.2964308903 19384 -0.63314092593 30976 -0.399650690203 -7.90616948753 0.805269755418 
-0.0460979244612 19864 -0.0818704063304 32462 -0.107604850214 -7.82461906587 0.142851621839 
-0.0102442556535 19786 -0.00228620352044 32760 -0.0191878076469 -7.84430365041 0.0218710645083 
0.0112201684998 19720 -0.00316235737557 32942 0.0147320647379 -7.86398823495 -0.018786335906 
-0.00508505969921 19718 0.000694807610858 32930 -0.00736846715412 -7.81899489886 0.00897969364522 
-0.00559464113966 19724 0.000763730476614 32924 -0.008218532653 -7.85555198443 0.00997133755776 
-0.00495095395776 19716 0.000721516011161 32920 -0.00745669950553 -7.83024323288 0.00897969364522 
-0.129065316153 19658 0.0193861859103 32992 -0.0831522694472 -7.83305531639 0.154751348789 
-1.03011169322 18370 0.247481941262 33700 -0.247231626857 -7.84992781742 1.08788827049 
-2.38303202693 16972 0.435196512066 33802 0.123995524845 -7.88648490299 2.42561590852 
-4.35810899517 14150 0.818890595657 33768 0.811777307474 -7.96803532464 4.50806812486 
-5.62554671259 12234 0.627012640641 33078 1.45664495401 -8.08895491537 5.84480411897 
-7.23632082047 11362 0.620251419646 32666 2.03475618703 -8.06645824733 7.54249849725 
-8.67558651169 11314 0.801985557944 32448 2.83382574527 -8.11707575043 9.16185300643 
-9.54968507017 11290 0.82803059629 32300 3.17596830956 -8.2098745061 10.0979648599 
-9.83772875043 11290 0.512128597098 31866 3.44518833821 -8.27736451023 10.4361154341 
-10.8750463023 11258 0.411350604279 31524 4.12674234752 -8.26892825972 11.6389795 
-10.6809372297 11258 0.470379040333 31602 3.99094303398 -8.23237117415 11.411893044 
-9.228481813 11284 0.465960695762 31600 3.0036970239 -8.2098745061 9.71618195354 
-5.60389124037 11954 0.344813687383 32014 1.26195060747 -7.9455386566 5.75456452293 
-4.97258563049 12790 0.289258870192 32072 0.88739723156 -7.96241115763 5.05942214023 
-3.88379960888 14488 0.202820810473 32164 0.507050167108 -7.84992781742 3.92200657255 
-2.75164046368 16278 0.120325683171 32260 0.216613246098 -7.79649823082 2.76277483878 
-1.56510129865 18050 0.0611737509771 32418 -0.0417344616433 -7.68401489061 1.56685228025 
-0.479319297761 19730 0.0176618990505 32526 -0.0998475079847 -7.61090071947 0.489926991229 
0.0232755475581 20392 -0.00291175559256 32578 0.0197839586251 -7.52935029781 -0.0306860628566 
-0.00667493674509 20536 0.000792735691845 32544 -0.00866047067371 -7.58277988441 0.0109629814703 
-0.00602724195983 20556 0.00073801317987 32568 -0.00790918855476 -7.56590738338 0.00997133755776 
-0.00606478552894 20574 0.000649537108479 32560 -0.00788822227903 -7.59121613493 0.00997133755776 
-0.00423563935207 20562 0.000455716613198 32556 -0.0055498987421 -7.59402821843 0.00699640582013 
-0.00543787914537 20574 0.000574830429413 32574 -0.00712277602762 -7.61652488648 0.00897969364522 
-0.00490436188138 20574 0.000563974100464 32566 -0.00627997661477 -7.56871946689 0.00798804973267 
-0.00545574034566 20574 0.000606359050359 32546 -0.00710648464044 -7.58840405142 0.00897969364522 
-0.00554529047979 20580 0.000643287853188 32544 -0.00703355046862 -7.57153155039 0.00897969364522 
-0.00799466396289 20576 0.000908369455728 32562 -0.0101422927251 -7.5771557174 0.0129462692954 
-0.00726452951481 20572 0.00080239163491 32556 -0.0094602244496 -7.57153155039 0.0119546253828 
-0.00919664599353 20584 0.00108017494289 32558 -0.011710960694 -7.58840405142 0.0149295571205 
-0.00430503124512 20570 0.000504158390223 32560 -0.00549201462999 -7.56028321637 0.00699640582013 
-0.0333746400254 20586 0.0145118381401 32636 -0.0433206428705 -7.53778654833 0.0565786014474 
-0.162782160488 20958 0.532726879732 33510 -0.635310994035 -7.59121613493 0.84493551192 
0.122340835129 21838 1.34641938749 34866 -0.772163691483 -7.54903488235 1.55693584113 
1.28189874027 23132 7.08595687003 43370 -3.31708710707 -7.53497446482 7.92824797923 

 
