-0.00434476206539 18844 0.00296569661312 30696 -0.00601137461199 -0.243241935484 0.00798804973267 
-0.00380539926749 18836 0.00259753228124 30690 -0.00526511698472 -0.243241935484 0.00699640582013 
-0.00272667367168 18838 0.00186120361748 30686 -0.00377260173019 -0.212309016925 0.00501311799504 
-0.00326543815564 18834 0.00223052278731 30690 -0.00451872186727 -0.246054018989 0.00600476190758 
-0.00380470214623 18832 0.0025988778325 30694 -0.005264956789 -0.246054018989 0.00699640582013 
-0.00218691017446 18832 0.00149381269693 30694 -0.00302625202379 -0.223557350947 0.00402147408249 
-0.00380470214623 18828 0.0025988778325 30688 -0.005264956789 -0.226369434452 0.00699640582013 
-0.0070554544294 18836 0.00480338313579 30690 -0.00973416467471 -0.226369434452 0.0129462692954 
-0.00435332523854 18832 0.00296376218494 30694 -0.00600613116825 -0.257302353011 0.00798804973267 
-0.0070554544294 18838 0.00480338313579 30686 -0.00973416467471 -0.257302353011 0.0129462692954 
-0.00219162188586 18838 0.00149206542426 30686 -0.00302370436308 -0.257302353011 0.00402147408249 
-0.00759588026757 18838 0.00517130732596 30692 -0.010479771376 -0.296671522085 0.0139379132079 
-0.00381289940037 18838 0.00259583799477 30692 -0.00526052446695 -0.243241935484 0.00699640582013 
-0.00381256032609 18840 0.00259601844869 30694 -0.00526068117014 -0.229181517957 0.00699640582013 
-0.00543369366331 18836 0.00369986774975 30686 -0.00749756790556 -0.237617768473 0.00997133755776 
-0.00435293810517 18836 0.00296396821571 30692 -0.00600631008194 -0.237617768473 0.00798804973267 
-0.00435293810517 18826 0.00296396821571 30700 -0.00600631008194 -0.212309016925 0.00798804973267 
-0.00381011911066 18848 0.00259421833141 30672 -0.0052633371554 -0.229181517957 0.00699640582013 
-0.00381011911066 18832 0.00259421833141 30686 -0.0052633371554 -0.229181517957 0.00699640582013 
-0.00273005556967 18842 0.0018588290809 30690 -0.00377132643332 -0.229181517957 0.00501311799504 
-0.00327008734016 18816 0.00222652370616 30688 -0.00451733179436 -0.257302353011 0.00600476190758 
-0.00381011911066 18830 0.00259421833141 30696 -0.0052633371554 -0.189812348882 0.00699640582013 
-0.00381011911066 18832 0.00259421833141 30682 -0.0052633371554 -0.288235271569 0.00699640582013 
-0.00381046654036 18832 0.00259504410085 30682 -0.00526267852518 -0.288235271569 0.00699640582013 
-0.00435054755422 18830 0.00296285576752 30706 -0.00600859053448 -0.231993601463 0.00798804973267 
-0.00489062856808 18814 0.00333066743419 30690 -0.00675450254378 -0.231993601463 0.00897969364522 
-0.0059707905958 18846 0.00406629076752 30692 -0.00824632656238 -0.231993601463 0.0109629814703 
-0.0043499458225 18834 0.00296428988698 30682 -0.00600831884464 -0.246054018989 0.00798804973267 
-0.0021899205652 18824 0.00149233108861 30694 -0.00302480571875 -0.231993601463 0.00402147408249 
-0.00380993950818 18826 0.00259630018738 30692 -0.00526244056317 -0.231993601463 0.00699640582013 
-0.00488995213683 18818 0.00333227958657 30698 -0.00675419712611 -0.268550687032 0.00897969364522 
-0.00542995845115 18824 0.00370026928616 30688 -0.00750007540759 -0.229181517957 0.00997133755776 
-0.00326993319385 18818 0.0022283104878 30694 -0.0045165622817 -0.223557350947 0.00600476190758 
-0.00380993950818 18836 0.00259630018738 30682 -0.00526244056317 -0.237617768473 0.00699640582013 
-0.00435153720252 18842 0.00296121549385 30704 -0.00600868249334 -0.248866102495 0.00798804973267 
-0.00435153720252 18842 0.00296121549385 30704 -0.00600868249334 -0.248866102495 0.00798804973267 
-0.00435153720252 18842 0.00296121549385 30704 -0.00600868249334 -0.248866102495 0.00798804973267 
-0.00651087204218 18824 0.00443410220468 30694 -0.00899223837168 -0.257302353011 0.0119546253828 
-0.00381046679349 18826 0.00259504396653 30688 -0.00526267840813 -0.257302353011 0.00699640582013 
-0.00597079099244 18832 0.00406629055705 30692 -0.00824632637897 -0.243241935484 0.0109629814703 
-0.00759103414165 18832 0.00516972549994 30706 -0.0104840623571 -0.243241935484 0.0139379132079 
-0.00759103414165 18842 0.00516972549994 30692 -0.0104840623571 -0.212309016925 0.0139379132079 
-0.00327038574376 18842 0.0022272323189 30696 -0.00451676641542 -0.212309016925 0.00600476190758 
-0.00435751482314 18836 0.00295826751447 30696 -0.00600580189572 -0.234805684968 0.00798804973267 
-0.00273467701186 18822 0.00185654128445 30678 -0.00376910442043 -0.234805684968 0.00501311799504 
-0.00381656888604 18832 0.00259102543779 30688 -0.00526023607062 -0.231993601463 0.00699640582013 
-0.00164984182651 18840 0.00112394274438 30694 -0.002279176499 -0.231993601463 0.00302983016995 
-0.0032697896574 18820 0.00222752042167 30692 -0.00451705589231 -0.260114436516 0.00600476190758 
-0.00434975487798 18824 0.00296323887319 30688 -0.00600897548784 -0.260114436516 0.00798804973267 
-0.000569876605919 18824 0.000388224292851 30694 -0.000787256903463 -0.240429851979 0.00104654234486 
-0.00542972009858 18824 0.00369895732472 30684 -0.00750089508338 -0.251678186 0.00997133755776 
-0.00866961576035 18818 0.00590611267929 30692 -0.01197665387 -0.248866102495 0.015921201033 
-0.00650968531917 18818 0.00443467577624 30692 -0.00899281467892 -0.248866102495 0.0119546253828 
-0.00651294602883 18820 0.00443305826406 30690 -0.00899125110856 -0.223557350947 0.0119546253828 
-0.00435193367574 18822 0.00296215805574 30676 -0.00600793071418 -0.251678186 0.00798804973267 
-0.00381168058747 18826 0.00259443300366 30692 -0.00526210061558 -0.257302353011 0.00699640582013 
-0.00273117441093 18838 0.0018589828995 30694 -0.00377044041839 -0.243241935484 0.00501311799504 
-0.00434856215088 18826 0.00296383363232 30696 -0.00600954540306 -0.243241935484 0.00798804973267 
-0.0021892239747 18816 0.00149210139347 30692 -0.00302542321277 -0.237617768473 0.00402147408249 
-0.00488839669493 18826 0.00333176669204 30698 -0.00675557595063 -0.237617768473 0.00897969364522 
-0.00326889306279 18830 0.0022279675129 30696 -0.00451748430792 -0.217933183936 0.00600476190758 
-0.00326889306279 18820 0.0022279675129 30684 -0.00451748430792 -0.217933183936 0.00600476190758 
-0.00326889306279 18824 0.0022279675129 30688 -0.00451748430792 -0.257302353011 0.00600476190758 
-0.00596806578301 18830 0.00406763281147 30696 -0.00824763704578 -0.229181517957 0.0109629814703 
-0.00326873818369 18828 0.00222804930833 30700 -0.0045175560354 -0.229181517957 0.00600476190758 
-0.00488816508426 18830 0.00333188901128 30674 -0.00675568321397 -0.243241935484 0.00897969364522 
-0.00488816508426 18822 0.00333188901128 30704 -0.00675568321397 -0.223557350947 0.00897969364522 
-0.00326753777936 18818 0.00222862918869 30678 -0.00451813837399 -0.223557350947 0.00600476190758 
-0.00326753777936 18822 0.00222862918869 30692 -0.00451813837399 -0.248866102495 0.00600476190758 
-0.00380714850795 18816 0.00259667151948 30694 -0.00526427693594 -0.257302353011 0.00699640582013 
-0.00488636996511 18822 0.00333275618105 30698 -0.00675655405985 -0.257302353011 0.00897969364522 
-0.00488636996511 18820 0.00333275618105 30706 -0.00675655405985 -0.254490269505 0.00897969364522 
-0.00434675923653 18820 0.00296471385027 30692 -0.00601041549789 -0.234805684968 0.00798804973267 
-0.00434675923653 18820 0.00296471385027 30692 -0.00601041549789 -0.234805684968 0.00798804973267 
-0.00272291675543 18824 0.00186377352364 30692 -0.00377404618781 -0.237617768473 0.00501311799504 
-0.00595463461353 18828 0.00407580963081 30702 -0.00825330631874 -0.243241935484 0.0109629814703 
-0.0048881666192 18828 0.00333443710573 30702 -0.00675442479067 -0.243241935484 0.00897969364522 
-0.0048881666192 18822 0.00333443710573 30698 -0.00675442479067 -0.229181517957 0.00897969364522 
-0.00380854834647 18822 0.00259798118901 30698 -0.0052626179449 -0.229181517957 0.00699640582013 
-0.00380854834647 18822 0.00259798118901 30698 -0.0052626179449 -0.229181517957 0.00699640582013 
-0.00272893007374 18828 0.0018615252723 30692 -0.00377081109914 -0.217933183936 0.00501311799504 
-0.00542797575556 18824 0.00370266506409 30698 -0.00750032821355 -0.237617768473 0.00997133755776 
-0.00434835748283 18810 0.00296620914737 30696 -0.00600852136779 -0.20949693342 0.00798804973267 
-0.00379910918264 18812 0.00260163964373 30698 -0.00526763086999 -0.240429851979 0.00699640582013 
-0.00433758044787 18828 0.00297038613752 30694 -0.00601424480578 -0.240429851979 0.00798804973267 
-0.0032606379174 18832 0.00223289314993 30696 -0.0045210169342 -0.268550687032 0.00600476190758 
-0.00435452027265 18822 0.0029597448625 30698 -0.00600724579783 -0.234805684968 0.00798804973267 
-0.00435452027265 18834 0.0029597448625 30694 -0.00600724579783 -0.234805684968 0.00798804973267 
-0.00435452027265 18822 0.0029597448625 30694 -0.00600724579783 -0.243241935484 0.00798804973267 
-0.00165164931858 18826 0.00112261748235 30692 -0.00227852043561 -0.226369434452 0.00302983016995 
-0.00489509446346 18824 0.00332717033853 30692 -0.00675299087028 -0.223557350947 0.00897969364522 
-0.00381064434985 18842 0.00259595960879 30686 -0.00526209822679 -0.237617768473 0.00699640582013 
-0.00219032570215 18816 0.00149213532696 30684 -0.00302460894674 -0.237617768473 0.00402147408249 
-0.00597106921345 18812 0.0040677253179 30696 -0.00824541726686 -0.240429851979 0.0109629814703 
-0.00273043191805 18830 0.00186007675424 30690 -0.00377043870675 -0.251678186 0.00501311799504 
-0.00435075056575 18840 0.00296390103607 30700 -0.0060079279868 -0.237617768473 0.00798804973267 
-0.00542846961849 18842 0.00370101187426 30704 -0.00750078671864 -0.237617768473 0.00997133755776 
-0.00272917836472 18830 0.00186069412646 30682 -0.00377104161386 -0.215121100431 0.00501311799504 
-0.00434875311698 18834 0.00296488477514 30702 -0.00600888867673 -0.226369434452 0.00798804973267 
-0.00326903661547 18830 0.00222875767602 30702 -0.00451699063482 -0.271362770537 0.00600476190758 
-0.00218932011396 18832 0.0014926305769 30686 -0.0030250925929 -0.260114436516 0.00402147408249 
-0.0048859232758 18832 0.0033316969488 30706 -0.00675739943664 -0.223557350947 0.00897969364522 
-0.00597133508081 18828 0.0040675839998 30702 -0.00824529444443 -0.226369434452 0.0109629814703 
-0.00698287866103 18832 0.00479828097411 30694 -0.00978886070837 -0.243241935484 0.0129462692954 
-0.126435099078 18794 0.0963187691687 30770 -0.163650619762 -0.237617768473 0.228132998318 
-0.525975590226 18742 0.745110008202 31262 -0.820365060103 -0.260114436516 1.22671841825 
-0.686267422928 18664 1.09496397576 31728 -0.957792998091 -0.276986937548 1.60850132458 
-0.57832880801 18710 0.733174534244 31492 -1.28769710395 -0.282611104559 1.59065173415 
-0.410162041939 18856 -0.251707549629 30724 -1.45773894286 -0.257302353011 1.53511967505 
-0.719079557429 18816 -0.872298279585 30426 -1.72411003541 -0.274174854043 2.06168259261 
-0.521802949337 18908 -0.707308828911 30242 -2.57630728968 -0.257302353011 2.72211743837 
-0.675792669157 18894 -0.975874545592 30046 -3.12822026795 -0.262926520021 3.34586145936 
-0.747439326616 18880 -1.3772958296 29670 -3.63101728481 -0.333228607655 3.95473082166 
-0.925433704762 18830 -1.64544488959 29436 -4.05440100937 -0.285423188064 4.47236894401 
-0.974882756042 18790 -1.89890778152 29190 -4.15330082551 -0.282611104559 4.6697060826 
-1.10627684742 18698 -2.19941781007 28860 -4.27527436897 -0.282611104559 4.93348336334 
-1.1249466237 18670 -2.309759941 28734 -4.39652805738 -0.243241935484 5.09214638935 
-1.20767079964 18614 -2.41319913466 28604 -4.51357669244 -0.369785693224 5.25874256666 
-1.20361716988 18582 -2.46337941302 28572 -4.48398940768 -0.279799021053 5.25576763492 
-0.949597996901 18640 -2.25752092863 28570 -4.21053432976 -0.254490269505 4.87100979685 
-1.28175059738 18536 -2.52452770356 28430 -4.63378898874 -0.291047355075 5.43029696353 
-1.3067165741 18422 -2.64020772814 28238 -4.77870235712 -0.265738603527 5.61375108735 
-1.37481847562 18362 -2.98272558744 27854 -5.05264406643 -0.271362770537 6.02627495497 
-1.36878754178 18372 -3.22361411348 27514 -5.04483575402 -0.274174854043 6.14130564882 
-1.49887496903 18280 -3.33745979181 27394 -5.24043627153 -0.246054018989 6.39119991478 
-1.51809016976 18238 -3.35208590528 27348 -5.25220882805 -0.268550687032 6.41301608086 
-1.5456686891 18218 -3.45489152173 27236 -5.35895039198 -0.276986937548 6.56077102383 
-1.62931050069 18146 -3.64248881518 27080 -5.62055885626 -0.313544023117 6.89297173453 
-1.82931367146 17968 -3.82006436819 26882 -5.80572803354 -0.299483605591 7.18649833264 
-1.94756177477 17850 -3.90191867031 26794 -5.94492153821 -0.285423188064 7.3729273882 
-1.9316834694 17840 -3.95002665132 26736 -6.02295406044 -0.305107772601 7.45721712077 
-1.95458867111 17838 -3.96093055389 26670 -6.22489382036 -0.299483605591 7.63273809329 
-1.8549086864 17854 -3.78687340459 26746 -6.11442405735 -0.316356106623 7.42746780339 
-1.65385517439 17878 -3.40611933993 26926 -5.5197900267 -0.279799021053 6.69365130811 
-1.48941755226 17904 -3.06785191422 27118 -5.11932155297 -0.302295689096 6.15122208795 
-1.42684455772 17896 -2.78333642127 27342 -4.7450532758 -0.302295689096 5.68316616122 
-1.20096490261 17936 -2.44176203897 27506 -4.13419200854 -0.307919856107 4.94934966594 
-0.978438246043 17976 -2.05931918738 27764 -3.51627390916 -0.226369434452 4.19074207285 
-0.764691070878 18066 -1.65542967529 28118 -2.91933463042 -0.271362770537 3.44205091887 
-0.599123814082 18202 -1.29932265831 28504 -2.29474963306 -0.265738603527 2.70426784794 
-0.436529406593 18324 -0.876067032195 28924 -1.6550861479 -0.234805684968 1.92285244486 
-0.297320194638 18480 -0.429645065187 29464 -1.14703987414 -0.288235271569 1.26043431128 
-0.199121976002 18546 -0.0735188898352 30082 -0.692138850077 -0.243241935484 0.72395495459 
-0.138281206761 18606 0.0386060939448 30434 -0.387850952512 -0.299483605591 0.413570409963 
-0.0617084383275 18620 0.041076175326 30620 -0.132442052358 -0.254490269505 0.151776417052 
-0.10612798599 18592 0.0763448440442 30706 -0.19177728649 -0.268550687032 0.232099573968 
-0.0908020377107 18628 0.0521971477947 30698 -0.150685131841 -0.268550687032 0.183509022253 
-0.0628668406441 18668 0.0396093365639 30652 -0.101751005039 -0.251678186 0.125993675325 
0.00345308337315 18664 -0.00229528150078 30626 0.00549847987685 -0.274174854043 -0.0068866089555 
0.00446944477371 18688 -0.00299876883418 30638 0.00705028494404 -0.254490269505 -0.00886989678058 
0.00451844854958 18690 -0.00298703725357 30642 0.00702398035653 -0.268550687032 -0.00886989678058 
0.00449129151712 18688 -0.00300977050144 30636 0.00703168905279 -0.285423188064 -0.00886989678058 
0.00151114195904 18674 -0.000984958967889 30636 0.00229627966837 -0.226369434452 -0.00292003330532 
-0.00910930092087 18666 0.00516252086099 30648 -0.0119939008428 -0.257302353011 0.015921201033 
-0.17603259646 18788 0.418162819156 30808 -0.718659680567 -0.285423188064 0.849893731483 
0.232472094686 19316 1.31137985797 31894 -1.71042291148 -0.237617768473 2.16778849125 
0.71884516026 19810 1.81993897337 32626 -2.09934543464 -0.282611104559 2.86987238134 
1.2070783058 20268 2.37872901512 33302 -2.61800897745 -0.299483605591 3.73756080481 
1.56891327995 20576 2.73888209865 33750 -3.02257223406 -0.285423188064 4.37022962102 
1.86421873777 20906 3.07790116765 34296 -3.30500829239 -0.254490269505 4.88588445554 
2.38661691884 21410 3.44492013545 34630 -3.6192986695 -0.276986937548 5.53739450608 
2.72615549332 21884 3.92785705611 35214 -4.05655838902 -0.201060682904 6.27021935745 
2.83882397782 22012 4.29010618306 35710 -4.37352364291 -0.203872766409 6.75215829895 
2.81233411142 22030 4.37700121526 35800 -4.50656048522 -0.240429851979 6.8830552954 
2.96201849543 22146 4.56859945085 35970 -4.63248461922 -0.220745267441 7.14881586397 
3.0151923343 22224 4.71427022688 36112 -4.80197389699 -0.246054018989 7.37391903211 
3.08389707739 22294 4.78891096455 36200 -4.75606151131 -0.243241935484 7.420526296 
3.29351295241 22518 5.06331817365 36484 -5.05546324721 -0.178564014861 7.87668249577 
3.39882325043 22600 5.13486161072 36526 -5.14826440958 -0.246054018989 8.02642072657 
3.55603702378 22798 5.33974378134 36732 -5.25845546366 -0.243241935484 8.29515622687 
3.35740752186 22696 5.06169342222 36616 -5.04443945394 -0.203872766409 7.89552373011 
3.06972147026 22486 4.56361236816 36386 -4.72814644096 -0.231993601463 7.25293847478 
2.66840955176 22134 4.01515906751 36032 -4.26205985093 -0.237617768473 6.43483224693 
2.39841894326 21888 3.60524215792 35746 -4.01234315762 -0.254490269505 5.90331110981 
1.99364561123 21492 3.10332053056 35230 -3.64031638226 -0.226369434452 5.18238598539 
1.6576415201 21228 2.648801029 34852 -3.13703732856 -0.231993601463 4.42774496794 
1.29905552967 20926 2.09083511476 34206 -2.53751158263 -0.282611104559 3.53526544665 
1.07475498948 20746 1.84257927385 33992 -2.33734279672 -0.243241935484 3.16439062336 
0.854649433697 20580 1.60132921911 33792 -2.11038965117 -0.251678186 2.78359936094 
0.600306040089 20362 1.25028958014 33446 -1.79443055005 -0.271362770537 2.26794452642 
0.409276079396 20202 0.968684113265 33060 -1.45706654263 -0.29385943858 1.79691366796 
0.258979046639 20094 0.698395814769 32852 -1.08246232292 -0.262926520021 1.31398308255 
0.0789002241155 19894 0.297264525453 32430 -0.503593620475 -0.276986937548 0.590083026396 
-0.0862720797205 19654 0.138368637295 32254 -0.258321556171 -0.282611104559 0.305481223496 
-0.076963586598 19600 0.0585566343565 32140 -0.122080328827 -0.240429851979 0.155742992702 
0.00600444549147 19612 -0.00386687939591 32050 0.00944954182506 -0.268550687032 -0.0118448285182 
0.0050005076936 19608 -0.00324190031249 32046 0.00785716170207 -0.234805684968 -0.00986154069313 
0.00300621483234 19608 -0.00191789410736 32042 0.00469414182065 -0.226369434452 -0.00589496504295 
0.00600928409622 19610 -0.00386959998265 32046 0.00944535140962 -0.262926520021 -0.0118448285182 
0.00755161145561 19622 -0.00479368720217 32042 0.0118160493174 -0.271362770537 -0.0148197602559 
0.00505706209267 19616 -0.0031635862853 32044 0.007852886708 -0.243241935484 -0.00986154069313 
0.00301288069394 19606 -0.00189402386875 32026 0.00469955703937 -0.248866102495 -0.00589496504295 
0.00401474523292 19598 -0.00254689166661 32038 0.00628188123146 -0.246054018989 -0.00787825286804 
0.00350485757384 19608 -0.00223160629851 32020 0.00549192949896 -0.279799021053 -0.0068866089555 
0.00401250183639 19600 -0.0025515051444 32024 0.0062814424111 -0.240429851979 -0.00787825286804 
0.00451867446001 19610 -0.00287212176089 32022 0.00707160283198 -0.265738603527 -0.00886989678058 
0.00351453477478 19596 -0.00222214411898 32018 0.00548958138088 -0.234805684968 -0.0068866089555 
0.00554426234896 19616 -0.00349639010136 32032 0.00865031949409 -0.254490269505 -0.0108531846057 
0.00555002411782 19606 -0.00349064676875 32018 0.00864894406921 -0.274174854043 -0.0108531846057 
0.00301855362506 19614 -0.00189327885193 32014 0.00469621571684 -0.279799021053 -0.00589496504295 
-0.00694661663607 19606 0.00483910476971 32028 -0.0110721726382 -0.282611104559 0.0139379132079 
-0.0556218842149 19688 0.0981987771405 31972 -0.0582106301844 -0.246054018989 0.126985319238 
-0.0717801730166 19622 0.0779911657609 32044 -0.0214505926199 -0.291047355075 0.1081440849 
-0.328162285048 19388 0.156447588457 32238 0.0323104265739 -0.271362770537 0.364979858249 
-0.267400746379 19334 0.0711002799493 32212 0.00418499339944 -0.279799021053 0.276723550032 
-0.340628360143 19286 0.0659901211524 32196 -0.0108188268991 -0.260114436516 0.347130267823 
-1.01292096541 18704 0.162483086449 32304 0.0331716066551 -0.254490269505 1.02640634792 
-1.98145574216 17796 0.242765229371 32370 0.177720381343 -0.389470277761 2.00416724568 
-2.31929321424 17516 0.273232004826 32404 0.297596229248 -0.310731939612 2.35421754681 
-2.53898724803 17388 0.247271256018 32424 0.374408171502 -0.299483605591 2.57832907105 

 
