-0.0083573339844 20022 0.00156796830938 31014 -0.011043634757 -7.363437371 0.0139379132079 
-0.0083504570515 20022 0.0015708303823 31014 -0.0110484290075 -7.363437371 0.0139379132079 
-0.00359756196395 20022 0.000676748542067 31020 -0.00475990807612 -7.35218903698 0.00600476190758 
-0.00656812139367 20032 0.00123554969221 31022 -0.00869023365821 -7.39437028956 0.0109629814703 
-0.00359756196395 20034 0.000676748542067 31026 -0.00475990807612 -7.39437028956 0.00600476190758 
-0.00359756196395 20034 0.000676748542067 31022 -0.00475990807612 -7.37749778852 0.00600476190758 
-0.00478578573584 20034 0.000900269002126 31018 -0.00633203830895 -7.37468570502 0.00798804973267 
-0.00419359311317 20026 0.000788220773386 31026 -0.00554456303178 -7.38874612255 0.00699640582013 
-0.00657112877322 20036 0.00123509841414 31026 -0.00868802401421 -7.39437028956 0.0109629814703 
-0.00716551268823 20036 0.00134681782433 31026 -0.00947388925981 -7.37468570502 0.0119546253828 
-0.0053823609432 20044 0.00101165959376 31024 -0.007116293523 -7.37468570502 0.00897969364522 
-0.0053823609432 20018 0.00101165959376 31014 -0.007116293523 -7.363437371 0.00897969364522 
-0.00776121145282 20036 0.00146605340719 31026 -0.0102576884755 -7.38312195553 0.0129462692954 
-0.00478878831085 20022 0.000904577779138 31016 -0.00632915350477 -7.38030987203 0.00798804973267 
-0.00597775756764 20028 0.00112916803036 31032 -0.00790056749307 -7.39718237306 0.00997133755776 
-0.00538327293925 20022 0.00101687290475 31018 -0.00711486049892 -7.38874612255 0.00897969364522 
-0.00419430368246 20014 0.000792282653529 31018 -0.00554344651062 -7.37187362151 0.00699640582013 
-0.00537970580389 20018 0.0010166210238 31018 -0.00711759405414 -7.40843070708 0.00897969364522 
-0.00775606861647 20036 0.00146569026355 31026 -0.0102616295166 -7.42249112461 0.0129462692954 
-0.00597379650704 20030 0.00112888833374 31028 -0.00790360291976 -7.39155820605 0.00997133755776 
-0.00537970580389 20034 0.0010166210238 31018 -0.00711759405414 -7.38030987203 0.00897969364522 
-0.00300334299131 20030 0.000567551784048 31002 -0.00397355859163 -7.38030987203 0.00501311799504 
-0.00478767082954 20034 0.000904116594172 31012 -0.00633006475036 -7.39155820605 0.00798804973267 
-0.00478767082954 20032 0.000904116594172 31020 -0.00633006475036 -7.36062528749 0.00798804973267 
-0.00181594131341 20026 0.000342927225774 31010 -0.00240096416525 -7.35218903698 0.00302983016995 
-0.00657070853922 20028 0.00124083021521 31022 -0.00868752510142 -7.38874612255 0.0109629814703 
-0.011325475765 20028 0.00213873320465 31022 -0.0149740860376 -7.38874612255 0.0188961327707 
-0.00360286612538 20014 0.000673737678666 31010 -0.00475632198129 -7.36906153801 0.00600476190758 
-0.00538782961733 20032 0.00100752670044 31026 -0.00711274067603 -7.36906153801 0.00897969364522 
-0.00776778093992 20034 0.00145257872947 31022 -0.010254632269 -7.38874612255 0.0129462692954 
-0.00538782961733 20038 0.00100752670044 31034 -0.00711274067603 -7.34656486997 0.00897969364522 
-0.00598281744797 20040 0.00111878970769 31020 -0.00789821357428 -7.38593403904 0.00997133755776 
-0.00419403678896 20034 0.000791341181374 31022 -0.00554378290947 -7.37749778852 0.00699640582013 
-0.00597737718875 20024 0.00112782623617 31014 -0.0079010469316 -7.37749778852 0.00997133755776 
-0.00597737718875 20026 0.00112782623617 31008 -0.0079010469316 -7.41124279059 0.00997133755776 
-0.00538293038882 20030 0.00101566455124 31026 -0.00711529225755 -7.36062528749 0.00897969364522 
-0.00657182398867 20038 0.0012399879211 31016 -0.00868680160563 -7.37749778852 0.0109629814703 
-0.00537813431998 20036 0.00101631760844 31026 -0.00711882488315 -7.37749778852 0.00897969364522 
-0.00478421715866 20036 0.00090408380521 31012 -0.00633268009484 -7.35218903698 0.00798804973267 
-0.00656596864261 20034 0.00124078521489 31032 -0.00869111445978 -7.38874612255 0.0109629814703 
-0.0059720514813 20048 0.00112855141166 31016 -0.00790496967147 -7.38874612255 0.00997133755776 
-0.00656486598628 20048 0.00124161740141 31024 -0.00869182854921 -7.37468570502 0.0109629814703 
-0.00359577887727 20048 0.00068007201289 31024 -0.00476078164694 -7.37468570502 0.00600476190758 
-0.00656486598628 20048 0.00124161740141 31024 -0.00869182854921 -7.37468570502 0.0109629814703 
-0.00715868340809 20044 0.00135392647912 31024 -0.00947803792967 -7.38874612255 0.0119546253828 
-0.00359577887727 20020 0.00068007201289 31016 -0.00476078164694 -7.38030987203 0.00600476190758 
-0.00537723114268 20034 0.001016999246 31022 -0.0071194097883 -7.36062528749 0.00897969364522 
-0.00834564977204 20042 0.00158134290739 31022 -0.0110505614827 -7.37468570502 0.0139379132079 
-0.00597057032673 20042 0.00113131023913 31018 -0.00790569413823 -7.37468570502 0.00997133755776 
-0.0053768004654 20038 0.00101880207206 31018 -0.0071194773021 -7.35781320399 0.00897969364522 
-0.00656728373253 20044 0.00123980692938 31024 -0.00869026040304 -7.41124279059 0.0109629814703 
-0.00478517538373 20034 0.000903370988777 31026 -0.00633205779626 -7.39155820605 0.00798804973267 
-0.00716131984879 20034 0.00135195224291 31026 -0.00947632793863 -7.39155820605 0.0119546253828 
-0.00716131984879 20018 0.00135195224291 31012 -0.00947632793863 -7.39155820605 0.0119546253828 
-0.0101315004301 20044 0.00191267881058 31026 -0.0134066656166 -7.38874612255 0.0169128449456 
-0.00597324761626 20038 0.00112766161584 31018 -0.00790419286745 -7.41405487409 0.00997133755776 
-0.00656756085089 20038 0.00124322024704 31016 -0.008689563315 -7.3662494545 0.0109629814703 
-0.0059734996682 20038 0.00113076618577 31016 -0.00790355883371 -7.3662494545 0.00997133755776 
-0.00419131612013 20050 0.00079340400197 31022 -0.00554554538983 -7.3662494545 0.00699640582013 
-0.00478537730282 20030 0.000905858063237 31022 -0.00633154987112 -7.39718237306 0.00798804973267 
-0.00656756085089 20036 0.00124322024704 31020 -0.008689563315 -7.38312195553 0.0109629814703 
-0.00359951257715 20024 0.000680241280152 31012 -0.00475793511667 -7.38312195553 0.00600476190758 
-0.00478838060895 20036 0.00090491534214 31008 -0.00632941370895 -7.4196790411 0.00798804973267 
-0.0101382867521 20042 0.00191594862109 31022 -0.0134010673742 -7.38030987203 0.0169128449456 
-0.00538281462485 20034 0.00101725237313 31012 -0.00711515300508 -7.38030987203 0.00897969364522 
-0.00478838060895 20036 0.00090491534214 31020 -0.00632941370895 -7.38030987203 0.00798804973267 
-0.00776055068846 20040 0.00146660049711 31020 -0.0102581101896 -7.38030987203 0.0129462692954 
-0.00478838060895 20044 0.00090491534214 31018 -0.00632941370895 -7.38030987203 0.00798804973267 
-0.00776011506307 20044 0.00145838949208 31006 -0.0102596102736 -7.38030987203 0.0129462692954 
-0.00597691311801 20032 0.00112326521134 31016 -0.00790204767991 -7.38593403904 0.00997133755776 
-0.00657131376636 20044 0.00123497330492 31018 -0.00868790187781 -7.38593403904 0.0109629814703 
-0.00300208825401 20042 0.000569323770106 31020 -0.00397425321188 -7.38030987203 0.00501311799504 
-0.00953435579579 20034 0.00180811985788 31022 -0.0126218621634 -7.37749778852 0.015921201033 
-0.00953435579579 20046 0.00180811985788 31020 -0.0126218621634 -7.37749778852 0.015921201033 
-0.0047836157654 20040 0.00090717724859 31016 -0.00633269201685 -7.37749778852 0.00798804973267 
-0.0065651432768 20050 0.00124503072707 31024 -0.00869113082182 -7.39155820605 0.0109629814703 
-0.0071589857806 20044 0.00135764855324 31012 -0.00947727709015 -7.38030987203 0.0119546253828 
-0.005971300773 20038 0.00113241290091 31008 -0.0079049845535 -7.38030987203 0.00997133755776 
-0.00657303253719 20034 0.00123547984254 31014 -0.00868652954533 -7.39999445657 0.0109629814703 
-0.00597847641939 20034 0.00112372593068 31020 -0.0079007994802 -7.38030987203 0.00997133755776 
-0.0047893641838 20036 0.000900218106965 31012 -0.00632933934992 -7.3662494545 0.00798804973267 
-0.0047823629782 20040 0.000906807887198 31002 -0.0063336910512 -7.38593403904 0.00798804973267 
-0.00715711090472 20042 0.00135709578038 31010 -0.00947877220871 -7.38593403904 0.0119546253828 
-0.00715711090472 20044 0.00135709578038 31010 -0.00947877220871 -7.38593403904 0.0119546253828 
-0.0047823629782 20044 0.000906807887198 31016 -0.0063336910512 -7.35218903698 0.00798804973267 
-0.00359992127062 20042 0.000675971437594 31004 -0.00475823444438 -7.35218903698 0.00600476190758 
-0.00597792730555 20040 0.00112249902451 31000 -0.00790138935633 -7.38593403904 0.00997133755776 
-0.00597481120171 20036 0.00112812231681 31010 -0.0079029452632 -7.38593403904 0.00997133755776 
-0.00478642797379 20040 0.000903740056837 31014 -0.00633105833909 -7.37187362151 0.00798804973267 
-0.00359804474587 20032 0.000679357796867 31000 -0.00475917141499 -7.37187362151 0.00600476190758 
-0.00716319442962 20032 0.00135250457678 31008 -0.0094748321873 -7.39437028956 0.0119546253828 
-0.00300385313191 20032 0.000567166666882 31008 -0.00397322795294 -7.39437028956 0.00501311799504 
-0.00597481120171 20030 0.00112812231681 31000 -0.0079029452632 -7.40280654007 0.00997133755776 
-0.00656900281566 20030 0.00124031344679 31000 -0.00868888872525 -7.40280654007 0.0109629814703 
-0.0089501827898 20032 0.00168082898214 31014 -0.0118304994728 -7.39155820605 0.0149295571205 
-0.0089501827898 20034 0.00168082898214 31002 -0.0118304994728 -7.36906153801 0.0149295571205 
-0.0089501827898 20038 0.00168082898214 31004 -0.0118304994728 -7.38030987203 0.0149295571205 
-0.00359468233652 20040 0.000681872086244 31006 -0.00476135221595 -7.38030987203 0.00600476190758 
-0.0053755913441 20038 0.00101969112746 31004 -0.00712026303361 -7.35781320399 0.00897969364522 
-0.0083437730234 20022 0.00158272286283 31000 -0.011051781063 -7.35781320399 0.0139379132079 
-0.00418831867238 20046 0.000794478433317 31024 -0.00554765582183 -7.35218903698 0.00699640582013 
-0.00596389599176 20028 0.00113302229699 31002 -0.00791048530526 -7.39155820605 0.00997133755776 
-0.00835451331939 20026 0.00157925888023 31020 -0.0110441601391 -7.37749778852 0.0139379132079 
-0.00478737590909 20026 0.000903034608933 31000 -0.00633044223824 -7.38030987203 0.00798804973267 
-0.105349173091 20116 0.0842671141645 31096 -0.26186626411 -7.35500112048 0.294573140458 
0.16500910106 20614 1.11414225091 32386 -1.58408938934 -7.36062528749 1.94367696702 
0.862834463913 21716 2.21831885865 34352 -2.79754727581 -7.38030987203 3.6731039505 
1.65777639601 23046 3.36103237197 36748 -3.35303939954 -7.29875945037 5.02868117895 
2.2797205883 24000 4.49538914236 38902 -4.11404754844 -7.22283319573 6.50623060864 
3.3602332151 25446 5.51806955643 40750 -4.93777300639 -7.18627611016 8.1315349813 
4.32551825215 26744 6.0802455764 41834 -6.11866183146 -7.20314861119 9.6497418114 
5.35565031973 28438 6.7732705855 42820 -7.2595238861 -7.16659152562 11.2809960475 
5.84020439721 29262 7.43414307095 43494 -7.89405425469 -7.15815527511 12.3162722922 
6.16070799843 29678 7.99546246245 44006 -8.55985758431 -7.22845736274 13.2345345553 
6.52508044116 30138 8.61166232655 44562 -9.08906174384 -7.23689361326 14.1190809252 
6.66001175075 30324 8.91120780437 44836 -9.43959643248 -7.30157153388 14.5901117837 
6.26263941106 29566 8.59730134373 44618 -9.09098635743 -7.33812861945 13.9921505044 
5.34894269428 28162 7.53178455636 43028 -7.88385731783 -7.3662494545 12.1447178954 
4.29943390642 26902 6.29536948484 40322 -6.45606746432 -7.34656486997 9.98987567341 
2.94003541153 25228 4.44968926086 37036 -4.64199181978 -7.40280654007 7.07047599487 
1.51455814409 23054 2.43889652388 34108 -2.73716190299 -7.42249112461 3.96663054861 
0.540447417069 21430 0.940001186327 32206 -1.30897102719 -7.32688028543 1.69973256453 
-0.00316106470125 19972 0.000209128222704 30916 -0.00388526541862 -7.37187362151 0.00501311799504 
-0.00552459157611 19970 0.00037955618567 30918 -0.00706892657912 -7.34937695347 0.00897969364522 
-0.0024743693594 19984 0.000190102751233 30926 -0.00316442901854 -7.37749778852 0.00402147408249 
-0.00375669978654 19968 0.000240846746324 30926 -0.00467828655871 -7.34094070295 0.00600476190758 
-0.00490912563125 19996 0.000353412414823 30920 -0.00629162329874 -7.3100077844 0.00798804973267 
-0.00746770381474 19984 0.000489472384416 30912 -0.0093223862055 -7.34937695347 0.0119546253828 
-0.0142575864247 19970 0.000193114030095 30892 -0.0178714121616 -7.33250445244 0.0228627084208 
0.0207505107762 19916 -0.000260740597898 30924 0.0212392757243 -7.35781320399 -0.029694418944 
0.0347099220704 20396 -0.547503596301 29468 -1.2861578048 -7.30157153388 1.39827281512 
1.0110745953 21336 -1.25210653225 28000 -2.16089956009 -7.27907486584 2.69435140882 
2.19588515749 22790 -2.58315251203 25536 -4.13085988379 -7.24251778027 5.34402394313 
2.95972344826 23842 -3.71841240851 23546 -5.5770013465 -7.23126944625 7.32731176822 
3.61581780874 24860 -4.8055877271 21792 -7.10120761195 -7.22845736274 9.30564137375 
4.41440573961 25724 -5.42403909637 20834 -8.30927974251 -7.17221569263 10.8605390286 
5.33342051737 27354 -6.05516031285 20054 -10.1464367349 -7.18908819367 12.9638157671 
5.86572189346 29368 -6.51957326244 20304 -11.4110424194 -7.33812861945 14.3917830012 
-0.00590452977327 19666 0.000434490286053 32284 -0.00802342314967 -8.57263327829 0.00997133755776 
-0.00297084442456 19672 0.000214224478708 32296 -0.00403231240233 -8.58388161231 0.00501311799504 
-0.00414700315824 19654 0.000302073666097 32280 -0.00562679399887 -8.58669369582 0.00699640582013 
0.00395565332458 19852 -0.0323110575286 32136 -0.375471130858 -8.63731119891 0.376879585199 
1.00014390739 21156 -0.495905667177 31324 -2.09071451591 -8.5248278587 2.37008384941 
2.37213185134 23144 -2.41948648198 27906 -4.02810397212 -8.45452577107 5.26370078622 
3.82550006629 25092 -3.80126676287 24874 -6.09646305015 -8.32516992982 8.1394681326 
4.9281958969 26844 -4.84708301916 22714 -7.95577690154 -8.32516992982 10.539246401 
4.25918008312 26664 -4.43149500643 23528 -6.98950025884 -8.3645390989 9.30762466158 
3.08556853313 25390 -3.38447441066 25912 -5.32011523009 -8.34485451436 7.01990215533 
2.02604169688 23680 -2.35520855249 27972 -3.65977289452 -8.50795535767 4.80060307906 
1.14908925772 22276 -1.41199036259 29940 -2.24160997498 -8.45733785457 2.88772197176 
0.285987478687 20830 -0.435035188312 31688 -0.702872034987 -8.43765327004 0.874684829297 
-0.00148342126336 19950 -0.00043906029586 32346 -0.00260510235322 -8.44890160406 0.00302983016995 
-0.0041761825339 19816 -0.000166644580906 32400 -0.00561083090344 -8.40109618447 0.00699640582013 
-0.0040734158658 19832 -0.000153402350533 32426 -0.00568625054873 -8.42921701952 0.00699640582013 
-0.00175291647912 19804 -1.44470890256e-05 32434 -0.00247122357499 -8.40390826797 0.00302983016995 
0.000542351378965 19820 1.21228257728e-06 32432 0.00076377065068 -8.41515660199 -0.000936745480232 
-0.0034928974133 19802 2.87352328364e-05 32440 -0.00488426120445 -8.43765327004 0.00600476190758 
-0.00295454022681 19788 3.57821044557e-05 32442 -0.00404978563894 -8.41515660199 0.00501311799504 
-0.00701948089396 19774 9.84591410247e-05 32430 -0.00967627313697 -8.42640493601 0.0119546253828 
0.0364480501693 19798 0.00336530036689 32422 0.0565672995445 -8.45171368756 -0.0673768876207 
-0.174859641579 19870 -0.781460533995 30694 -0.461533393067 -8.41234451849 0.924267024924 
-0.817468988971 18820 -1.64377780235 28704 -0.275691179151 -8.42359285251 1.85641230272 
-1.18221894598 18546 -3.86326840161 23966 -1.27445757969 -8.38703576694 4.23635769282 
-1.96520046834 17600 -5.82506154801 20050 -1.72570660857 -8.420780769 6.38525005131 
-2.64152885582 16864 -6.83808737682 18902 -2.03190945948 -8.44327743705 7.60695535156 
-2.99036316285 16554 -7.23724540801 18600 -2.50876291982 -8.45733785457 8.22276622125 
-3.39261774514 16194 -7.54703514364 18362 -3.00674649744 -8.50514327416 8.803869554 
-3.56531542765 16012 -8.07351726739 17904 -3.14140452155 -8.4713982721 9.36811494024 
-3.80491776642 15910 -8.48837428378 17636 -3.36973733518 -8.47702243911 9.89368621389 
-3.90349532768 15778 -8.65811826571 17308 -3.37171418757 -8.54451244324 10.0781319816 
-4.00590759007 15706 -8.88642528435 17128 -3.44640582904 -8.50795535767 10.3389343306 
-4.05588760821 15672 -8.96245530918 17032 -3.50451263698 -8.5248278587 10.4430569414 
-3.73498159866 15628 -8.11464283816 17700 -3.26206420055 -8.52763994221 9.50992001973 
-3.22739997889 15504 -6.94781290171 19180 -2.8225722383 -8.54451244324 8.16425923041 
-2.79036091619 15562 -5.96430686841 20936 -2.57265204125 -8.5220157752 7.06948435096 
-2.19687274278 16650 -4.61849739102 23562 -2.12531248235 -8.50233119066 5.53838614999 
-1.37035027454 17978 -2.90835017449 26710 -1.44627971447 -8.38141159993 3.52534900753 
-0.75979037688 18916 -1.65956685228 29448 -0.818143732127 -8.33079409683 2.00020067003 
-0.0563362124879 20120 -0.0902142327479 32748 -0.0746812573935 -8.23237117415 0.129960250976 
0.0120167763102 20124 0.0024068557662 33098 0.0179821272905 -8.21831075662 -0.0217612676437 
0.00529608426621 20066 -0.000175103807474 33242 0.00711307943158 -8.19018992157 -0.00886989678058 
-0.00195316659767 20064 0.000122152842839 33254 -0.00231302610955 -8.21268658961 0.00302983016995 
-0.0152473092954 20026 0.000582139678322 33306 -0.0156692097877 -8.18456575456 0.0218710645083 
-0.185233697218 19820 -0.00012806093672 33468 -0.151093016354 -8.2098745061 0.239041081356 
0.0178537252832 19956 -0.000782149694568 33372 0.0224606774135 -8.2070624226 -0.0287027750315 
-0.107870515 19848 0.017812557149 33488 -0.0790547816004 -8.19862617208 0.134918470538 
-1.05545482898 18922 0.164674456713 33904 -0.101270125919 -8.19018992157 1.07301361181 
-2.54233808789 16966 0.553049018762 34232 0.231155194787 -8.25486784219 2.61204496407 
-4.13444194149 14710 1.05187942641 34558 0.794418864709 -8.29142492776 4.33948865973 
-4.9932523963 13440 0.544366979376 33518 1.08530373962 -8.37859951642 5.13875365324 
-5.84767391538 12194 -0.204232137048 32072 1.58066687851 -8.3673511824 6.0609824919 
-7.3031257236 11350 -0.434762531114 31612 2.36322536865 -8.34766659787 7.68827015239 
-8.24164518073 11308 -0.745125224216 31128 2.98137054316 -8.33923034735 8.7959364027 
-8.79594899695 11294 -0.865955325692 30986 3.53943079881 -8.35329076488 9.52082810277 
-8.97474924702 11294 -0.800277144954 31078 3.74807307802 -8.35047868137 9.75882264178 
-6.35126718994 11360 -0.345214505221 31810 1.86773957864 -8.21268658961 6.62919445379 
-4.88375438488 12664 -0.355401237624 31984 0.918527932939 -8.1030153329 4.98207391506 
-3.66201184361 14568 -0.347750042914 32184 0.465408628263 -8.05802199682 3.70781148744 
-1.92547850222 17316 -0.12788820838 32846 0.0167881430363 -7.93429032258 1.92979395224 
-0.074823250689 20230 0.000765501483551 33362 -0.0344134568614 -7.81055864835 0.0823613431735 
0.00128151420719 20412 -0.000184754518125 33400 0.00142908108761 -7.78243781329 -0.00192838939277 
0.00117773607618 20458 -0.000158229229456 33364 0.0015187451715 -7.78243781329 -0.00192838939277 
0.00227970230763 20456 -0.000302598511944 33350 0.00316427087745 -7.7852498968 -0.00391167721786 
0.0017644670938 20446 -0.000268067363389 33368 0.00231114479593 -7.79649823082 -0.00292003330532 
0.00482866384973 20448 -0.000688305841168 33358 0.00618684966265 -7.76275322876 -0.00787825286804 
0.00415261393061 20450 -0.00059083821727 33380 0.00546187611085 -7.77962572979 -0.0068866089555 
0.00115444129024 20438 -0.000169860762537 33372 0.00153528442932 -7.80493448134 -0.00192838939277 

 
