-0.00657455109181 20456 0.000975912718686 33330 -0.0087183619462 -7.7880619803 0.0109629814703 
-0.00657455109181 20458 0.000975912718686 33336 -0.0087183619462 -7.7880619803 0.0109629814703 
-0.00776393804564 20478 0.00115246284956 33334 -0.0102955808031 -7.79087406381 0.0129462692954 
-0.00716924456872 20478 0.00106418778412 33334 -0.00950697137464 -7.79087406381 0.0119546253828 
-0.00597826308851 20466 0.000890467146121 33326 -0.00793063751518 -7.7852498968 0.00997133755776 
-0.0089509375993 20484 0.00133324943067 33334 -0.0118741247199 -7.79649823082 0.0149295571205 
-0.0101400074036 20470 0.00151036234449 33330 -0.0134515196017 -7.75431697824 0.0169128449456 
-0.00776186779498 20474 0.00115613651685 33330 -0.010296729838 -7.77118947927 0.0129462692954 
-0.00716733289282 20476 0.00106758005994 33350 -0.00950803239705 -7.77118947927 0.0119546253828 
-0.00776186779498 20464 0.00115613651685 33328 -0.010296729838 -7.7852498968 0.0129462692954 
-0.00715484881854 20464 0.00107310464868 33336 -0.00951680896315 -7.77962572979 0.0119546253828 
-0.0101223455191 20478 0.00151817827429 33336 -0.013463936277 -7.77681364628 0.0169128449456 
-0.00774834815866 20466 0.0011621193738 33338 -0.0103062344259 -7.77681364628 0.0129462692954 
-0.00656134947842 20472 0.000984089923557 33336 -0.00872738350037 -7.77118947927 0.0109629814703 
-0.0101361105604 20470 0.00152175696545 33334 -0.0134531722132 -7.75431697824 0.0169128449456 
-0.0071645784597 20472 0.00107563420017 33332 -0.00950920052405 -7.75994114525 0.0119546253828 
-0.00775888487985 20472 0.00116485875323 33332 -0.0102979948619 -7.74306864422 0.0129462692954 
-0.00894749772014 20474 0.00134330785934 33334 -0.0118755835375 -7.75994114525 0.0149295571205 
-0.0059759656194 20454 0.000897185094063 33332 -0.00793161184839 -7.76837739577 0.00997133755776 
-0.0071645784597 20456 0.00107563420017 33326 -0.00950920052405 -7.77118947927 0.0119546253828 
-0.00479089931013 20472 0.00070803459911 33330 -0.00635255140383 -7.79087406381 0.00798804973267 
-0.00716988606935 20478 0.00105961888993 33332 -0.0095069979281 -7.80212239783 0.0119546253828 
-0.00657513937955 20480 0.000971722817226 33322 -0.00871838629703 -7.77118947927 0.0109629814703 
-0.00419615262033 20460 0.000620138526404 33332 -0.00556393977276 -7.77118947927 0.00699640582013 
-0.00835067019 20472 0.00124448592829 33330 -0.0110897694631 -7.76556531226 0.0139379132079 
-0.00716241608968 20472 0.00106740247589 33330 -0.00951175671246 -7.76556531226 0.0119546253828 
-0.0041917808389 20464 0.000624693844899 33326 -0.00556672483591 -7.76275322876 0.00699640582013 
-0.00656828903952 20470 0.000978860749693 33332 -0.00872275033715 -7.80493448134 0.0109629814703 
-0.00716241608968 20482 0.00106740247589 33342 -0.00951175671246 -7.80493448134 0.0119546253828 
-0.00597416198937 20470 0.000890319023494 33342 -0.00793374396184 -7.81337073185 0.00997133755776 
-0.00776521638898 20472 0.0011622537148 33334 -0.0102935158913 -7.77681364628 0.0129462692954 
-0.00776521638898 20476 0.0011622537148 33344 -0.0102935158913 -7.78243781329 0.0129462692954 
-0.00717042499495 20466 0.00107322869957 33324 -0.00950506462864 -7.79087406381 0.0119546253828 
-0.00836000778301 20466 0.00125127873002 33324 -0.0110819671539 -7.79087406381 0.0139379132079 
-0.00775889894616 20470 0.00115407180089 33322 -0.0102991987111 -7.75994114525 0.0129462692954 
-0.00657028395099 20472 0.000977275188692 33336 -0.00872142561323 -7.78243781329 0.0109629814703 
-0.00775889894616 20462 0.00115407180089 33328 -0.0102991987111 -7.78243781329 0.0129462692954 
-0.00359874646307 20470 0.000535283658208 33316 -0.00477699286859 -7.77400156278 0.00600476190758 
-0.00656875329924 20458 0.000976690560674 33324 -0.00872264400057 -7.77400156278 0.0109629814703 
-0.00894542947619 20468 0.00133007225764 33334 -0.0118786310276 -7.75712906174 0.0149295571205 
-0.0113221056531 20460 0.0016834539546 33336 -0.0150346180546 -7.80493448134 0.0188961327707 
-0.00835126043195 20460 0.00124172683339 33336 -0.0110896342708 -7.80493448134 0.0139379132079 
-0.005974584255 20472 0.000888345136434 33330 -0.00793364724381 -7.76837739577 0.00997133755776 
-0.00954231149742 20456 0.00142423701012 33344 -0.0126649312102 -7.75712906174 0.015921201033 
-0.00538194535301 20468 0.000803281863128 33342 -0.00714312959616 -7.72057197618 0.00897969364522 
-0.00775647928493 20460 0.00116021824102 33332 -0.0103003306454 -7.72057197618 0.0129462692954 
-0.00597411280772 20470 0.000893610928206 33332 -0.00793341089068 -7.77118947927 0.00997133755776 
-0.00597411280772 20470 0.000893610928206 33332 -0.00793341089068 -7.77118947927 0.00997133755776 
-0.00894472360307 20460 0.00133795644956 33344 -0.0118782771485 -7.74869281123 0.0149295571205 
-0.00835821926316 20460 0.00123637310217 33344 -0.0110849888089 -7.74869281123 0.0139379132079 
-0.00479023438836 20472 0.000708585975597 33320 -0.00635299133884 -7.7852498968 0.00798804973267 
-0.0125124510576 20472 0.00186541288327 33330 -0.0166105089543 -7.80493448134 0.0208794205958 
-0.00656980726373 20474 0.000979456627157 33338 -0.00872153999883 -7.80493448134 0.0109629814703 
-0.00419274974619 20472 0.000625074124714 33330 -0.00556595241664 -7.80212239783 0.00699640582013 
-0.00597554288434 20472 0.000890861001547 33330 -0.00793264310329 -7.80212239783 0.00997133755776 
-0.00716407164312 20472 0.00106805225277 33330 -0.00951043689438 -7.80212239783 0.0119546253828 
-0.00300422098742 20474 0.000447882873492 33336 -0.00398815862555 -7.77962572979 0.00501311799504 
-0.00656852919338 20472 0.000980386786511 33326 -0.00872239810504 -7.76837739577 0.0109629814703 
-0.00953927305837 20464 0.00142378559705 33334 -0.0126672706778 -7.76837739577 0.015921201033 
-0.00775682673938 20472 0.00115774631073 33336 -0.0103003471342 -7.81899489886 0.0129462692954 
-0.00716168292662 20476 0.00106988882986 33326 -0.00951202941514 -7.7852498968 0.0119546253828 
-0.00834981539423 20478 0.0012473847716 33324 -0.0110900874075 -7.7852498968 0.0139379132079 
-0.00834981539423 20458 0.0012473847716 33326 -0.0110900874075 -7.7852498968 0.0139379132079 
-0.00834981539423 20458 0.0012473847716 33326 -0.0110900874075 -7.7852498968 0.0139379132079 
-0.0101320140957 20470 0.00151362868421 33328 -0.013457174396 -7.75712906174 0.0169128449456 
-0.0101320140957 20462 0.00151362868421 33332 -0.013457174396 -7.75712906174 0.0169128449456 
-0.00656761669281 20482 0.000981140858992 33326 -0.00872300041897 -7.75712906174 0.0109629814703 
-0.0113288323464 20482 0.00168140553575 33326 -0.0150297793323 -7.75712906174 0.0188961327707 
-0.00895074413776 20472 0.00132845383197 33332 -0.0118748080242 -7.79368614731 0.0149295571205 
-0.00954526618991 20474 0.00141669175791 33340 -0.0126635508512 -7.76275322876 0.015921201033 
-0.00716832828828 20474 0.00106675737312 33340 -0.00950737431169 -7.79931031432 0.0119546253828 
-0.00657371081743 20468 0.000978269158611 33336 -0.00871873145936 -7.79931031432 0.0109629814703 
-0.00597909334657 20472 0.000889780944106 33322 -0.00793008860703 -7.77400156278 0.00997133755776 
-0.00597909334657 20462 0.000889780944106 33336 -0.00793008860703 -7.77400156278 0.00997133755776 
-0.00776294575914 20474 0.00115524558762 33338 -0.010296017164 -7.77962572979 0.0129462692954 
-0.00895218070085 20474 0.00133222201663 33338 -0.0118733028687 -7.77962572979 0.0149295571205 
-0.00717604044634 20480 0.00106489544361 33344 -0.00950176348111 -7.77681364628 0.0119546253828 
-0.0077712976457 20480 0.00115322920986 33344 -0.0102899409114 -7.76275322876 0.0129462692954 
-0.0077712976457 20482 0.00115322920986 33338 -0.0102899409114 -7.7852498968 0.0129462692954 
-0.00598552604762 20482 0.000888227911112 33338 -0.0079254086205 -7.7852498968 0.00997133755776 
-0.00598552604762 20478 0.000888227911112 33330 -0.0079254086205 -7.79368614731 0.00997133755776 
-0.00953931627065 20486 0.00143181047031 33336 -0.0126663335737 -7.79368614731 0.015921201033 
-0.00538025601948 20480 0.000807553359493 33334 -0.00714392054116 -7.7880619803 0.00897969364522 
-0.00656855894838 20472 0.000985912534012 33338 -0.00872175283616 -7.7880619803 0.0109629814703 
-0.00716271041284 20474 0.00107509212127 33334 -0.00951066898367 -7.79368614731 0.0119546253828 
-0.00835101334174 20478 0.00125345129579 33344 -0.0110885012787 -7.80212239783 0.0139379132079 
-0.010735321021 20460 0.00159535621373 33342 -0.0142400295786 -7.77118947927 0.0179044888581 
-0.00419496267485 20460 0.000623405649131 33342 -0.00556447193839 -7.77118947927 0.00699640582013 
-0.00538411873778 20474 0.000800123933604 33330 -0.00714184605479 -7.75994114525 0.00897969364522 
-0.00360038464338 20472 0.000535046506894 33326 -0.0047757848802 -7.79368614731 0.00600476190758 
-0.00658016476759 20484 0.000975221685184 33326 -0.00871420317725 -7.75994114525 0.0109629814703 
-0.00479456100104 20468 0.000710584008805 33340 -0.00634950342195 -7.75994114525 0.00798804973267 
-0.0113417748117 20482 0.00168092215553 33338 -0.0150200691914 -7.7852498968 0.0188961327707 
-0.00895093822662 20480 0.00133325078951 33336 -0.0118741240944 -7.7852498968 0.0149295571205 
-0.00776186833897 20470 0.00115613769518 33344 -0.0102967292956 -7.7852498968 0.0129462692954 
-0.00716733339514 20474 0.00106758114801 33326 -0.00950803189622 -7.76837739577 0.0119546253828 
-0.00835898948169 20474 0.00123808821604 33326 -0.0110842165716 -7.78243781329 0.0139379132079 
-0.00835898948169 20474 0.00123808821604 33320 -0.0110842165716 -7.74588072772 0.0139379132079 
-0.00479067581341 20470 0.000709568935869 33332 -0.00635254875681 -7.77681364628 0.00798804973267 
-0.00895370842641 20480 0.00132617476274 33330 -0.0118728278741 -7.77681364628 0.0149295571205 
-0.00241180003455 20478 0.000357222749086 33334 -0.00319810354695 -7.7852498968 0.00402147408249 
-0.00895816524188 20472 0.00133517443581 33342 -0.0118684565357 -7.76556531226 0.0149295571205 
-0.00715552315603 20458 0.00107456505246 33330 -0.00951613715516 -7.82180698237 0.0119546253828 
-0.00775558133819 20466 0.00115447824697 33334 -0.0103016516517 -7.75431697824 0.0129462692954 
-0.00835599071802 20474 0.00124032837617 33330 -0.0110862270061 -7.76275322876 0.0139379132079 
0.00536569393056 20504 -0.00120620973022 33370 0.00695912750483 -7.79931031432 -0.00886989678058 
-0.18041682936 20506 0.171061497518 33510 -0.387235359004 -7.78243781329 0.460177673853 
0.0493728356956 21288 0.826196971495 34682 -1.04974795917 -7.75150489473 1.33679089254 
0.730498653059 22320 1.10136674634 34904 -1.69324431886 -7.8386794834 2.147955613 
1.14609012897 22848 1.20966579746 35050 -2.156226913 -7.75712906174 2.7250923701 
1.51572296644 23272 0.891601069674 34510 -2.67717297242 -7.63620947101 3.20306473595 
1.92635514904 23654 1.29793692009 34962 -3.44751827419 -7.68963905762 4.15702617982 
2.47204576886 24376 1.7766909094 35824 -4.58982730109 -7.65308197205 5.5076451887 
2.72371198386 24648 1.99382311591 36196 -4.99578988827 -7.5743436339 6.0292498867 
3.15079680964 25184 2.41762671362 37008 -5.67266169718 -7.59121613493 6.92470433973 
3.35420848844 25546 2.76032914174 37712 -6.04426100187 -7.61090071947 7.44333410599 
3.79931109575 26130 3.22763669333 38624 -6.6956638818 -7.59121613493 8.34771335423 
4.2583621378 26776 3.72558927564 39544 -7.02478476943 -7.5771557174 9.02004792694 
4.44686624298 27068 4.07736656362 40050 -7.5920273674 -7.55747113287 9.69734071921 
4.69818219765 27416 4.32892571096 40438 -7.82793580476 -7.55465904936 10.1039147233 
4.9845850529 27724 4.55192632448 40520 -8.1183183666 -7.62496113699 10.5580876353 
5.38844793049 28346 4.86317810933 40850 -8.43652055752 -7.59965238545 11.1292745289 
5.46699078995 28418 5.0814125952 40832 -8.78284511841 -7.70088739164 11.5259320939 
5.67895126091 28754 5.36632423038 41230 -9.05015576016 -7.66151822256 11.956305552 
5.95831085751 29076 5.83364537425 41652 -9.32913271715 -7.65870613906 12.5126177869 
5.55956547595 28488 5.64497533764 41300 -9.27095602706 -7.62496113699 12.1952917349 
5.13274628373 27836 5.15269565687 40350 -8.5038508632 -7.66714238957 11.1897648076 
4.67480079332 27390 4.7459857337 39526 -8.00367619483 -7.64183363803 10.4133076241 
4.10046867936 26746 4.12709018819 38204 -7.33128388203 -7.66151822256 9.35919014503 
3.58787671664 26138 3.66742637937 37186 -6.62135871978 -7.66151822256 8.3764710277 
3.08119860219 25532 3.2134108484 36248 -5.96642202362 -7.69526322463 7.4443257499 
2.69527865119 25010 2.9413991424 35670 -5.48801195958 -7.71494780916 6.78488254806 
2.17808352262 24282 2.50308115081 34752 -4.77308467819 -7.70369947514 5.81307151377 
1.66162040298 23498 1.99008732505 34034 -3.78334618586 -7.75712906174 4.58640799395 
1.14214375256 22704 1.5354226222 33404 -2.84673887443 -7.72619614319 3.43015119192 
0.842987301726 22212 1.28679574751 33144 -2.34010475069 -7.79368614731 2.80045730746 
0.412034567503 21480 0.843073492912 32574 -1.53475889255 -7.71213572566 1.79889695579 
0.176492357656 20948 0.43959510327 32214 -0.740023570088 -7.69526322463 0.878651404947 
-0.0144483801567 20460 0.141925055983 31930 -0.292365845458 -7.71494780916 0.325314101747 
-0.0450735564204 20102 0.0232332904103 31876 -0.0782801034373 -7.72900822669 0.0932694262115 
-0.00424789436212 20066 0.00129517162173 31868 -0.00540625733372 -7.71494780916 0.00699640582013 
-0.0081865503661 20080 0.00265050373925 31862 -0.0109645176649 -7.6812028071 0.0139379132079 
-0.00533974967733 20070 0.00167341448881 31842 -0.00702293779654 -7.72057197618 0.00897969364522 
-0.0391258216236 20070 0.00939582485925 31830 -0.055409114933 -7.74306864422 0.0684783283979 
-0.0419269465051 20230 -0.0771595039075 31530 -0.371602813847 -7.7318203102 0.381837804762 
0.572234785121 21084 -0.67108735437 30260 -1.13697373702 -7.68401489061 1.43893021553 
0.931937391637 21536 -1.05804104707 29544 -1.73315303048 -7.69526322463 2.2342286334 
1.51686850818 22384 -1.78100458753 27998 -2.65448254155 -7.64745780504 3.53824037839 
2.13846261071 23144 -2.54745221313 26566 -3.40230377787 -7.61652488648 4.75796239082 
2.59377325672 23882 -3.41019733111 24986 -4.29961264881 -7.62496113699 6.06990728712 
3.0902813069 24488 -4.00587881348 23838 -4.97876854386 -7.63620947101 7.09824202443 
3.60600087962 25194 -4.52999829223 22704 -5.52573007367 -7.56309529988 8.00361291658 
4.07265423847 25902 -4.97913809979 21680 -6.20380277806 -7.56309529988 8.93674983828 
4.42402693072 26542 -5.4420644068 20740 -6.84268190111 -7.5771557174 9.79848839828 
4.69794965414 27050 -5.80261607436 20228 -7.31172916082 -7.51247779678 10.4499984488 
5.17507538378 27620 -5.90694429481 19976 -7.93619819625 -7.54059863183 11.1649737098 
5.58552748501 28408 -6.16613612174 19678 -8.37010307165 -7.55184696585 11.8016091016 
5.90604133011 29020 -6.36270073865 19498 -8.88261924576 -7.53778654833 12.4203949031 
5.20791843094 28308 -5.7166895692 20676 -7.7674888006 -7.61652488648 10.9606950638 
4.47515812594 27512 -5.16709408791 22068 -7.07278981439 -7.53778654833 9.83617086696 
3.43638252113 26216 -4.09198821037 24648 -5.93325260479 -7.64745780504 7.98477168224 
2.88955500551 25476 -3.60281286456 25804 -4.94600307145 -7.70932364215 6.76703295764 
2.42486200576 24752 -3.16863404279 26766 -4.32918109044 -7.61652488648 5.88744480721 
1.97195789684 23808 -2.34988078675 28388 -3.47192637027 -7.66151822256 4.63301525784 
1.35239411247 22870 -1.69598043065 29792 -2.67635641401 -7.65870613906 3.44502585061 
0.947619611787 22232 -1.25956913546 30668 -2.165591173 -7.66714238957 2.67848510622 
0.447197298831 21430 -0.675844058032 31882 -1.36181107503 -7.70932364215 1.58470187068 
0.0358966595809 20628 -0.150358637113 32884 -0.504455599888 -7.66151822256 0.527609459906 
-0.0225421329626 20124 0.00744325936781 33394 -0.0366745722212 -7.66714238957 0.0436872305843 
-0.0118078912107 20032 0.00247680482576 33342 -0.0145431419129 -7.66995447308 0.0188961327707 
-0.000628925895531 20004 0.000148814617418 33364 -0.00082313869254 -7.67276655658 0.00104654234486 
-0.0257362772751 19994 0.00561637595153 33352 -0.032331396426 -7.66995447308 0.0417039427592 
-0.111671689936 19918 -0.0445993541887 33078 -0.131987576742 -7.67839072359 0.17855080269 
-0.369752224158 19728 -0.531600190884 32078 -0.359844805747 -7.67839072359 0.740812901103 
-0.467425156853 19354 -0.251000204009 32376 -0.284421967604 -7.66995447308 0.601982753347 
-0.291695139477 19236 -0.0891192714801 32674 -0.219689429562 -7.6812028071 0.375887941287 
-0.391339044751 19030 0.0771618391333 33274 -0.246894570857 -7.68401489061 0.469102469066 
-0.593622686221 18932 0.132842786541 33364 -0.264858975056 -7.69526322463 0.663464675925 
-0.760336830175 18840 0.108834549223 33342 -0.107120938175 -7.70932364215 0.775520438042 
-2.816966986 16190 0.426008632053 33420 0.19972207465 -7.75712906174 2.85598936656 
-3.78449636663 14856 0.17045302609 32576 0.613680340829 -7.75431697824 3.83771683998 
-4.8953667829 13318 -0.127943139818 31632 0.984221937084 -7.86398823495 4.99496528592 
-5.79177942528 12028 -0.35783332057 30870 1.45168689357 -7.91179365454 5.9816509789 
-6.08627032221 11816 -0.473396922869 30658 1.6915471103 -7.89492115351 6.33467621177 
-6.9576714268 11362 -0.654474397124 30166 2.12220727207 -7.96522324114 7.30351231432 
-7.53253036162 11336 -0.787686338298 29884 2.39123008296 -7.96522324114 7.942130994 
-8.26925962975 11312 -0.841994299541 29772 2.84378503981 -8.02990116176 8.78502831966 
-8.56043657749 11304 -0.815810630308 29762 3.09736211337 -8.153632836 9.14003684036 
-7.83752229741 11306 -0.670355603256 29936 2.7495578424 -8.06927033084 8.33283869554 
-6.2321678328 11370 -0.509769568339 30178 1.75401045945 -7.89492115351 6.49433088169 
-5.0274685619 12404 -0.342122644287 30606 1.20170048861 -7.91460573804 5.18040269756 
-3.64030449402 14686 -0.286902884804 30954 0.698119518042 -7.84711573392 3.71772792656 
-2.36877863284 16704 -0.193565591539 31364 0.198613281856 -7.68682697411 2.3849585081 
-1.06264548726 18724 -0.0751901935919 31932 -0.0405059874746 -7.66995447308 1.06607210442 
-0.320635710541 19906 0.00686040350373 32394 -0.163588680268 -7.62496113699 0.360021638686 
-0.0335523395306 20454 0.0106655881083 32590 -0.0430162247332 -7.62496113699 0.0555869575348 
-0.0534817788414 20686 0.0338425347514 32640 -0.123626203648 -7.54903488235 0.138885046189 
1.36467753512 23310 0.351653974408 32388 -1.82856161067 -7.45904821018 2.30860192684 

 
