-0.000641480669527 20088 5.83142318349e-05 32580 -0.000824835062647 -6.35671147609 0.00104654234486 
-0.000641480669527 20082 5.83142318349e-05 32588 -0.000824835062647 -6.34265105856 0.00104654234486 
0.00179173784792 20082 -0.000163997412567 32590 0.00229986409102 -6.28922147196 -0.00292003330532 
-0.00185910940755 20074 0.00017016391816 32582 -0.00238634182598 -6.32859064103 0.00302983016995 
0.0024002123905 20074 -0.000219690967689 32576 0.00308089841052 -6.34265105856 -0.00391167721786 
-0.000642160322392 20078 5.87768079174e-05 32574 -0.000824273186983 -6.3623356431 0.00104654234486 
0.00118326330534 20080 -0.000108303857446 32580 0.00151882977152 -6.3623356431 -0.00192838939277 
0.000575034675171 20074 -5.28629072681e-05 32580 0.000737585744249 -6.34546314207 -0.000936745480232 
0.00300997414238 20074 -0.000276706763675 32580 0.00386083503106 -6.34546314207 -0.00490332113041 
-0.000642435058433 20074 5.90590209357e-05 32592 -0.000824038899158 -6.35671147609 0.00104654234486 
-0.00307737452564 20074 0.000282902877343 32582 -0.00394728818597 -6.33421480804 0.00501311799504 
-0.00368610939244 20068 0.000338863841445 32580 -0.00472810050768 -6.33983897505 0.00600476190758 
0.00179250440877 20084 -0.000164784835472 32584 0.00229921038765 -6.34546314207 -0.00292003330532 
0.000575309638536 20084 -5.30961296216e-05 32572 0.000737354538578 -6.34546314207 -0.000936745480232 
0.00362043936119 20082 -0.000334135402455 32576 0.00464019236912 -6.33983897505 -0.00589496504295 
-3.37163059948e-05 20076 3.11172494522e-06 32564 -4.32130275317e-05 -6.33983897505 5.48984323139e-05 
-3.37163059948e-05 20078 3.11172494522e-06 32584 -4.32130275317e-05 -6.33421480804 5.48984323139e-05 
-0.00429689791771 20078 0.000396566706912 32584 -0.00550718599029 -6.33421480804 0.00699640582013 
-0.000641981166877 20094 5.97751240224e-05 32584 -0.000824340946155 -6.33983897505 0.00104654234486 
-0.00125028595189 20078 0.000116414626618 32590 -0.00160543947039 -6.32577855753 0.0020381862574 
-3.36763818585e-05 20072 3.13562142642e-06 32588 -4.32424219224e-05 -6.34546314207 5.48984323139e-05 
-0.00307520030695 20072 0.000286333134406 32588 -0.00394873504308 -6.34546314207 0.00501311799504 
0.000574939455391 20078 -5.33982216679e-05 32574 0.000737621411899 -6.3651477266 -0.000936745480232 
0.00118357352201 20062 -0.000109925872535 32572 0.00151847149157 -6.3089060565 -0.00192838939277 
-0.00490276714418 20076 0.000455350636134 32586 -0.00629002930516 -6.33702689155 0.00798804973267 
-0.000642328677848 20074 5.9657080066e-05 32582 -0.000824078747448 -6.34546314207 0.00104654234486 
-0.000642328677848 20056 5.9657080066e-05 32568 -0.000824078747448 -6.30328188949 0.00104654234486 
0.000574939455391 20092 -5.33982216679e-05 32586 0.000737621411899 -6.30328188949 -0.000936745480232 
-0.00124903249681 20084 0.000115125334 32584 -0.00160650776508 -6.32296647402 0.0020381862574 
-0.00185672743515 20084 0.000171137553799 32576 -0.00238812604943 -6.34546314207 0.00302983016995 
-0.00124903249681 20086 0.000115125334 32590 -0.00160650776508 -6.3089060565 0.0020381862574 
-0.00307211731184 20078 0.000283161993398 32590 -0.00395136261813 -6.31171814 0.00501311799504 
-0.00246248779184 20070 0.000230025148081 32580 -0.00317104022404 -6.31171814 0.00402147408249 
0.00118081958013 20080 -0.000110302353448 32594 0.00152058678153 -6.34265105856 -0.00192838939277 
-0.00246248779184 20086 0.000230025148081 32580 -0.00317104022404 -6.32577855753 0.00402147408249 
-0.00185526989651 20088 0.000173303897826 32572 -0.00238910238978 -6.30328188949 0.00302983016995 
-3.36162105215e-05 20090 3.14014706134e-06 32582 -4.32888869934e-05 -6.30328188949 5.48984323139e-05 
-0.000640834105851 20080 5.98613973162e-05 32576 -0.000825226721255 -6.33983897505 0.00104654234486 
0.000573414623402 20078 -5.25156062187e-05 32584 0.000738870675765 -6.32015439052 -0.000936745480232 
0.0017874543656 20078 -0.000163702224824 32580 0.0023032157903 -6.32296647402 -0.00292003330532 
-0.00246168473208 20066 0.000225450940295 32572 -0.00317199211057 -6.33983897505 0.00402147408249 
-0.00124764498989 20076 0.000114264321689 32586 -0.00160764699604 -6.32015439052 0.0020381862574 
-0.00245992079694 20076 0.000226246319877 32586 -0.00317330365261 -6.32015439052 0.00402147408249 
-0.00185333588961 20088 0.000170456880174 32592 -0.00239080768591 -6.31453022351 0.00302983016995 
0.000573003739671 20082 -5.27008786371e-05 32580 0.000739176180926 -6.31734230701 -0.000936745480232 
0.000573003739671 20082 -5.27008786371e-05 32586 0.000739176180926 -6.35389939258 -0.000936745480232 
0.000573003739671 20076 -5.27008786371e-05 32588 0.000739176180926 -6.31453022351 -0.000936745480232 
-0.00124675098229 20082 0.000114667440471 32580 -0.0016083117192 -6.34265105856 0.0020381862574 
-0.000639700869587 20072 5.85761750548e-05 32594 -0.000826197620881 -6.32015439052 0.00104654234486 
-0.00488270960596 20084 0.000447100302998 32582 -0.00630620224497 -6.31453022351 0.00798804973267 
-0.000639700869587 20078 5.85761750548e-05 32586 -0.000826197620881 -6.35671147609 0.00104654234486 
-3.36125572419e-05 20064 3.04519210197e-06 32578 -4.32985065706e-05 -6.3089060565 5.48984323139e-05 
0.00300214696895 20064 -0.000271985085008 32578 0.0038672594687 -6.3089060565 -0.00490332113041 
-0.00185506827296 20064 0.000168063358368 32578 -0.00238963329173 -6.3089060565 0.00302983016995 
-0.000640764462481 20078 5.80512475241e-05 32584 -0.000825410101626 -6.31734230701 0.00104654234486 
-0.00185506827296 20082 0.000168063358368 32592 -0.00238963329173 -6.31734230701 0.00302983016995 
-0.0024622201782 20088 0.00022306941379 32582 -0.00317174488679 -6.31734230701 0.00402147408249 
-0.00124791636772 20092 0.000113057302946 32576 -0.00160752169668 -6.29484563897 0.0020381862574 
-0.00185473525854 20086 0.000170784250104 32582 -0.00238969887629 -6.29484563897 0.00302983016995 
-0.00124769234678 20072 0.00011488766433 32584 -0.00160756581584 -6.35389939258 0.0020381862574 
-0.00124769234678 20080 0.00011488766433 32590 -0.00160756581584 -6.35389939258 0.0020381862574 
-0.000640649435016 20068 5.89910785566e-05 32578 -0.000825432755376 -6.34546314207 0.00104654234486 
-0.00185627587084 20074 0.000171019370519 32578 -0.00238848552957 -6.31453022351 0.00302983016995 
0.00239655413893 20072 -0.000220795403686 32576 0.00308366604963 -6.31453022351 -0.00391167721786 
0.00118145985042 20080 -0.000108848325342 32592 0.00152019416986 -6.31171814 -0.00192838939277 
0.00178900699467 20068 -0.000164821864514 32580 0.00230193010975 -6.29765772247 -0.00292003330532 
0.00057391270617 20078 -5.28747861696e-05 32572 0.000738458229975 -6.29765772247 -0.000936745480232 
-3.36344380823e-05 20078 3.09875300271e-06 32590 -4.32777099121e-05 -6.29484563897 5.48984323139e-05 
0.00118247495536 20088 -0.000109886750385 32578 0.00151932996159 -6.33140272454 -0.00192838939277 
-0.00185787077464 20072 0.0001726509142 32580 -0.0023871277103 -6.33702689155 0.00302983016995 
-0.00124980162864 20078 0.000116143381283 32592 -0.00160583617592 -6.33702689155 0.0020381862574 
0.000574405809362 20090 -5.33792174686e-05 32596 0.000738038427216 -6.34546314207 -0.000936745480232 
0.00118354439113 20080 -0.00010994491826 32576 0.00151849281834 -6.27516105443 -0.00192838939277 
-3.36937819147e-05 20086 3.12997140306e-06 32578 -4.32292749167e-05 -6.35671147609 5.48984323139e-05 
-3.36937819147e-05 20072 3.12997140306e-06 32580 -4.32292749167e-05 -6.35671147609 5.48984323139e-05 
-3.36937819147e-05 20082 3.12997140306e-06 32574 -4.32292749167e-05 -6.32296647402 5.48984323139e-05 
-3.36937819147e-05 20046 3.12997140306e-06 32578 -4.32292749167e-05 -6.31453022351 5.48984323139e-05 
-0.000642312868437 20084 5.96674162347e-05 32572 -0.000824090321545 -6.32296647402 0.00104654234486 
-0.00429421122915 20068 0.000395349343217 32584 -0.00550936867673 -6.3089060565 0.00699640582013 
-0.00185963065504 20078 0.000171208102924 32576 -0.00238586094965 -6.30328188949 0.00302983016995 
0.00179224020613 20088 -0.000165003757516 32574 0.00229940064098 -6.30328188949 -0.00292003330532 
-0.00490285637268 20096 0.000451384653291 32582 -0.0062902456085 -6.33983897505 0.00798804973267 
-3.36667197316e-05 20082 3.08998946758e-06 32584 -4.32532289908e-05 -6.29765772247 5.48984323139e-05 
-0.00185805748665 20082 0.0001705357133 32598 -0.0023871344339 -6.33702689155 0.00302983016995 
-0.00064179697537 20068 5.8905230745e-05 32588 -0.000824546963963 -6.33702689155 0.00104654234486 
-0.00246618774228 20066 0.000226350954577 32570 -0.00316842816888 -6.31734230701 0.00402147408249 
0.00118259379154 20082 -0.000108540493087 32584 0.00151933424095 -6.33983897505 -0.00192838939277 
-0.00185805748665 20084 0.0001705357133 32592 -0.0023871344339 -6.30328188949 0.00302983016995 
-3.36608588012e-05 20088 3.09469715026e-06 32592 -4.32574537488e-05 -6.35671147609 5.48984323139e-05 
0.00118238791762 20092 -0.00010870585747 32582 0.00151948264188 -6.3089060565 -0.00192838939277 
-0.000641685247011 20092 5.89949744603e-05 32582 -0.000824627501567 -6.3089060565 0.00104654234486 
0.000574363529408 20090 -5.28055801597e-05 32586 0.000738112594069 -6.34265105856 -0.000936745480232 
0.000573922994413 20084 -5.24097107395e-05 32594 0.000738483387382 -6.32015439052 -0.000936745480232 
0.0017890390653 20086 -0.000163372126272 32600 0.00230200853069 -6.32015439052 -0.00292003330532 
-0.000641193076473 20086 5.85527047936e-05 32604 -0.00082504175593 -6.33421480804 0.00104654234486 
-0.000641193076473 20086 5.85527047936e-05 32592 -0.00082504175593 -6.33421480804 0.00104654234486 
-0.000641193076473 20094 5.85527047936e-05 32580 -0.00082504175593 -6.33140272454 0.00104654234486 
-0.000641193076473 20080 5.85527047936e-05 32592 -0.00082504175593 -6.37639606062 0.00104654234486 
-0.000640841391614 20074 5.88320845958e-05 32616 -0.000825295084318 -6.34827522557 0.00104654234486 
-0.00185529098942 20082 0.000170323948902 32588 -0.00238930030673 -6.34827522557 0.00302983016995 
-0.00246251578832 20076 0.000226069881055 32588 -0.00317130291793 -6.34827522557 0.00402147408249 
-0.00551112218582 20086 0.000506300218202 32570 -0.00707149844827 -6.34265105856 0.00897969364522 
0.000574687834657 20068 -5.33074885116e-05 32580 0.000737824029902 -6.32859064103 -0.000936745480232 
0.000573161947231 20076 -5.31841950519e-05 32582 0.000739018889053 -6.32296647402 -0.000936745480232 
0.000573668067063 20074 -5.18457969084e-05 32584 0.000738721230851 -6.32015439052 -0.000936745480232 
-0.00124876741831 20058 0.000114676953214 32578 -0.00160674588882 -6.32296647402 0.0020381862574 
-0.114488800487 20056 0.0375024686178 32690 -0.174765641707 -6.34546314207 0.212266695717 
-0.0875048196834 20524 0.35769392098 33288 -0.748331288638 -6.34827522557 0.834027428882 
0.469486206605 21780 0.864843440261 33968 -1.66695310244 -6.28078522144 1.93574381572 
1.23808073274 22894 0.978924694932 34004 -2.56263956808 -6.23297980185 3.009694173 
2.24896533978 24304 1.49525325182 34870 -3.95449774407 -6.07269104205 4.78870335211 
2.8524329813 25118 1.75672926684 35294 -4.8329956993 -6.1514293802 5.88050329982 
3.16922272447 25692 2.05766515417 35888 -5.22325517078 -6.13736896267 6.44673197388 
3.96330173261 26856 2.62430610802 36914 -6.27822781072 -6.01644937194 7.87469920795 
4.4682374477 27696 3.16537043379 37986 -6.97585101707 -6.09518771009 8.86832640832 
4.8526550726 28322 3.64476705843 38816 -7.50615429893 -6.10924812762 9.65271674314 
5.35769895358 29210 4.09395353562 39128 -8.13353841551 -6.0473822905 10.5650291427 
5.66925894592 29638 4.49807125764 39304 -8.79549368996 -6.10362396061 11.3900768779 
5.99168550245 30250 4.9263830616 39664 -9.22588723767 -6.23016771835 12.0534866554 
6.32243377862 30860 5.25772948424 40048 -9.75518295472 -6.23016771835 12.7585454772 
6.68755468441 31442 5.23481037715 39668 -10.2044315681 -6.35671147609 13.2761835996 
7.15433766826 32312 5.44472294774 39798 -10.8776340948 -6.62104732559 14.1121394179 
7.00103638275 31970 5.35462807625 39552 -10.9906674353 -6.81226900395 14.088339964 
6.69850579517 31514 4.9072413833 38886 -10.5336787603 -6.82632942148 13.4130304595 
5.96848243595 30224 4.24614906723 37800 -9.68097105134 -6.88538317509 12.1397596758 
5.37252657784 29168 3.68709468636 36888 -8.99905655819 -6.87132275756 11.1104332946 
4.89379835503 28356 3.3615414342 36298 -8.70063864282 -6.95849734623 10.5332965375 
4.41978365584 27640 2.94190169873 35694 -8.04949219104 -6.95287317922 9.64280030402 
3.94938931261 26932 2.60427071262 35212 -7.52459125908 -6.98380609778 8.88815928657 
3.26333528617 25878 2.14379748409 34450 -6.74130958727 -6.96412151324 7.79040947538 
2.66688102735 24938 1.65797061929 33584 -5.52208865187 -7.00911484932 6.35252580219 
1.98355464466 23834 1.20199191186 32938 -4.36666156125 -7.00067859881 4.94439144638 
1.19970244506 22418 0.843226331029 32618 -3.11187221848 -7.12159818954 3.44006763105 
0.299047297883 20554 0.305115907794 32298 -1.27086804388 -7.00349068231 1.34075746819 
0.0297457653838 19820 0.0665438982405 32178 -0.280292528359 -7.02598735036 0.289614920895 
-0.0979020004825 19292 0.0149965090798 32106 -0.214283760496 -7.01473901634 0.236066149618 
-0.0169510640732 19230 0.00223282316621 32122 -0.0267977856317 -6.96130942973 0.0317875036337 
0.00108124703325 19242 -6.81382856084e-05 32106 0.0015952892143 -6.95849734623 -0.00192838939277 
-0.0028699612588 19232 0.000155616594626 32090 -0.00410736629492 -6.98661818128 0.00501311799504 
-0.032415472433 19202 0.000998585733458 32082 -0.0401609735862 -6.9444369287 0.0516203818846 
-0.033137973534 19402 -0.115794962986 31756 -0.429735178893 -6.98943026479 0.446294659077 
0.723219270657 20454 -0.620284089567 30290 -1.40279143989 -6.93600067819 1.69576598888 
1.56500896152 21604 -1.08693603863 28952 -2.44518023277 -6.90225567612 3.09993376905 
2.3764411797 22834 -1.77891623675 27212 -3.24773752024 -6.87694692457 4.39997893839 
3.11894760217 24086 -2.62776347176 25252 -4.09207234351 -6.77852400189 5.77737233292 
3.68695630072 24968 -3.28593399851 23758 -4.72428823494 -6.73634274931 6.83446474369 
4.03230130241 25478 -3.76064196157 22952 -5.26073147474 -6.79258441941 7.62083836634 
4.36009988466 26352 -4.55254478753 21446 -6.03457036214 -6.7841481689 8.72652132882 
5.06964521692 26906 -4.37667622639 21652 -7.0567889536 -6.77289983488 9.72907332441 
5.91906474787 28320 -3.7092657428 23892 -8.57603913197 -6.76446358436 11.060851099 
6.37725089684 29190 -3.98811404896 23364 -9.27360268717 -6.73634274931 11.9404392494 
6.7824919629 30250 -4.38865881794 22620 -9.52667841822 -6.78977233591 12.4908016208 
7.12756659172 31406 -4.72391387173 22510 -10.5199700055 -6.78133608539 13.5568188268 
7.21886003722 31814 -4.97191904141 22208 -10.8056562598 -6.79258441941 13.9138106353 
6.46591737431 30846 -4.55207039808 22970 -9.74196799328 -6.77289983488 12.5473253239 
5.50283938261 29312 -4.10052626299 23920 -8.60484270416 -6.8375777555 11.0063106838 
4.78373132827 28136 -3.64886365571 25014 -7.47586981323 -6.86288650705 9.59619304013 
4.08049219986 26962 -3.08640200342 26386 -6.43720361722 -6.90225567612 8.22276622125 
3.38947501109 25734 -2.60329358231 27538 -5.43460213378 -6.98099401427 6.91379625669 
2.5772603708 24250 -1.88874182646 29298 -4.05870215888 -6.95568526272 5.16552803888 
1.59526549662 22602 -1.24982573781 30722 -2.75765116321 -6.88538317509 3.42221804062 
0.552425198711 20668 -0.501052953513 32150 -1.26061746171 -6.93600067819 1.46471295726 
-0.004026315811 19404 -0.00508956705603 33136 -0.0301043196924 -6.93037651118 0.0307958597212 
0.0450125768041 19172 0.0037572814229 33126 0.0602607063355 -6.89381942561 -0.0753100389211 
0.000500687620464 19142 4.041611312e-05 33106 0.000790677266177 -6.93318859468 -0.000936745480232 
-0.00172640529968 19132 -0.000122582496364 33122 -0.0024868391849 -6.91069192664 0.00302983016995 
-0.0168073073682 19120 0.00126693506665 33154 -0.0257739067767 -6.93600067819 0.0307958597212 
-0.115494148456 18904 0.0146459395741 33302 -0.08616118142 -7.01192693283 0.144834909664 
-1.06065290521 17366 0.104247833519 33528 -0.326528162424 -6.95287317922 1.11466265613 
-2.34306481914 15734 0.241739181197 33748 -0.131604400449 -6.9444369287 2.35917576638 
-4.08746223356 13298 0.393462593064 34158 0.272339208369 -7.0484840184 4.11537713549 
-5.68194542724 11444 0.70064817953 34610 0.730688450142 -7.22564527924 5.77142246944 
-6.79930757437 11334 0.712766290263 34658 1.26420922332 -7.22564527924 6.95247036928 
2.35632397225 15932 -0.367968783547 33552 0.0190629877131 -6.98661818128 2.3849585081 
2.33608482525 15940 -0.375605906915 33580 0.0117832570891 -6.98661818128 2.36611727376 
2.10814313217 16004 -0.335431779077 33528 0.0414412103996 -7.00067859881 2.13506424214 
1.82456042202 16284 -0.275939932052 33328 0.0662072093227 -6.93318859468 1.84649586359 
1.62239721231 16542 -0.247302676069 33248 0.100319359875 -6.95849734623 1.64420050543 
1.21355988332 17310 -0.177633752083 33044 0.150109329161 -6.93318859468 1.23564321346 
0.0852545205464 19244 -0.00895771210294 32434 0.0659285159781 -6.86288650705 0.1081440849 
-0.00121352076574 19506 -2.20946795552e-05 32312 -0.00149852087954 -6.80102066993 -0.00192838939277 
-0.00118537946657 19526 -2.39082986952e-05 32302 -0.00152085159159 -6.80945692045 -0.00192838939277 
-0.00414499208642 19552 -8.49786573457e-05 32298 -0.00549883643485 -6.85163817303 -0.0068866089555 
-0.00283645723019 19540 -9.92600641277e-05 32290 -0.00399840167177 -6.80383275344 -0.00490332113041 
-0.00230337900597 19528 -6.78512544755e-05 32292 -0.00316086380897 -6.8375777555 -0.00391167721786 
-0.00175649332866 19550 -3.65775288148e-05 32302 -0.00233237813721 -6.8375777555 -0.00292003330532 
-0.00168328377666 19564 -5.24242853367e-05 32302 -0.0023854563349 -6.81508108746 -0.00292003330532 
-0.00525132674605 19560 -0.000143287790742 32274 -0.0071468947742 -6.82914150498 -0.00886989678058 
0.00063677376779 19564 1.69354808133e-05 32292 0.000830351273696 -6.8375777555 0.00104654234486 
0.254199973786 19436 -0.017779444967 32390 0.203817821385 -6.81226900395 0.326305745659 
3.3171118052 15262 -0.178633737296 33226 -0.165303908092 -6.87694692457 3.32602858111 

 
