-0.00380638144715 19690 0.000683610940302 32070 -0.00459361534392 -6.45794648228 0.00600476190758 
-0.00380638144715 19678 0.000683610940302 32078 -0.00459361534392 -6.44388606475 0.00600476190758 
-0.0044349783922 19674 0.00079650444681 32068 -0.00535221839304 -6.44107398125 0.00699640582013 
-0.00506259156593 19672 0.000900335612015 32074 -0.00611297807569 -6.44951023176 0.00798804973267 
-0.00317716710963 19664 0.000565030114886 32066 -0.00383636574885 -6.43263773073 0.00501311799504 
-0.00757649084101 19680 0.00134740960819 32070 -0.00914846117815 -6.42138939671 0.0119546253828 
-0.00443411674716 19682 0.000788567112971 32068 -0.00535410730008 -6.44388606475 0.00699640582013 
-0.00254869229086 19678 0.000453261615843 32076 -0.00307749497324 -6.43263773073 0.00402147408249 
-0.00820496565977 19682 0.00145917810723 32072 -0.00990733195377 -6.41014106269 0.0129462692954 
-0.0050460104364 19684 0.000894430675346 32064 -0.0061275371051 -6.46638273279 0.00798804973267 
-0.00441959401445 19684 0.000783395220625 32080 -0.00536685895805 -6.46638273279 0.00699640582013 
-0.00316676117056 19680 0.000561324311183 32064 -0.00384550266396 -6.43263773073 0.00501311799504 
-0.0025403447486 19676 0.000450288856462 32072 -0.00308482451691 -6.43263773073 0.00402147408249 
-0.00564715078699 19674 0.00100853532227 32070 -0.00690850508103 -6.43826189774 0.00897969364522 
-0.00315265022945 19686 0.00056303775746 32074 -0.00385682992192 -6.43544981424 0.00501311799504 
-0.00564715078699 19682 0.00100853532227 32060 -0.00690850508103 -6.44951023176 0.00897969364522 
-0.00190539995068 19680 0.000340288975057 32074 -0.00233099234236 -6.44951023176 0.00302983016995 
-0.00439990050822 19686 0.000785786539862 32070 -0.00538266750147 -6.43544981424 0.00699640582013 
-0.00439990050822 19684 0.000785786539862 32072 -0.00538266750147 -6.43263773073 0.00699640582013 
-0.00376006768736 19682 0.000676797942083 32076 -0.00463260197932 -6.43263773073 0.00600476190758 
-0.005622913354 19690 0.00101210310636 32070 -0.00692772622708 -6.41295314619 0.00897969364522 
-0.00251817057626 19688 0.000453261165898 32070 -0.00310251914748 -6.41295314619 0.00402147408249 
-0.00189722202071 19678 0.000341492777805 32076 -0.00233747773156 -6.43263773073 0.00302983016995 
-0.000652368513444 19688 0.000119741811127 32078 -0.000809523378858 -6.44388606475 0.00104654234486 
-0.000652368513444 19682 0.000119741811127 32070 -0.000809523378858 -6.42701356372 0.00104654234486 
-0.00374310472813 19682 0.000687044408412 32070 -0.00464481458638 -6.42701356372 0.00600476190758 
-0.00497939921401 19682 0.000913965447326 32074 -0.00617893106939 -6.4157652297 0.00798804973267 
-0.00436125197107 19684 0.000800504927869 32070 -0.00541187282788 -6.38764439465 0.00699640582013 
-0.00250681024226 19688 0.000460123369498 32080 -0.00311069810337 -6.41014106269 0.00402147408249 
-0.003735395486 19684 0.000695305414613 32076 -0.00464978886728 -6.41014106269 0.00600476190758 
-0.003735395486 19694 0.000695305414613 32076 -0.00464978886728 -6.42138939671 0.00600476190758 
-0.00620289195074 19694 0.00115460447917 32082 -0.00772130770238 -6.45513439877 0.00997133755776 
-0.00311852136982 19694 0.000580480648473 32078 -0.00388190915851 -6.46075856578 0.00501311799504 
-0.00250285071776 19680 0.000467174582185 32070 -0.00311283471944 -6.46075856578 0.00402147408249 
-0.00435436334275 19682 0.000812772356297 32080 -0.00541559003028 -6.43263773073 0.00699640582013 
-0.00558870509274 19682 0.00104317087237 32080 -0.00695076023751 -6.43263773073 0.00897969364522 
-0.00312002159275 19674 0.000582373840223 32070 -0.00388041982305 -6.43826189774 0.00501311799504 
-0.00250285071776 19684 0.000467174582185 32080 -0.00311283471944 -6.45513439877 0.00402147408249 
-0.00189088171759 19682 0.000353305224089 32084 -0.00234085723773 -6.40170481217 0.00302983016995 
-0.00622299562363 19686 0.00116274690418 32068 -0.00770388978348 -6.40170481217 0.00997133755776 
-0.00622299562363 19694 0.00116274690418 32078 -0.00770388978348 -6.43826189774 0.00997133755776 
-0.00312862854789 19682 0.000584574275545 32084 -0.0038731522508 -6.42982564723 0.00501311799504 
-0.00622299562363 19682 0.00116274690418 32066 -0.00770388978348 -6.42982564723 0.00997133755776 
-0.00622299562363 19684 0.00116274690418 32076 -0.00770388978348 -6.42982564723 0.00997133755776 
-0.00563063760186 19672 0.0010487204108 32062 -0.00691599621591 -6.42420148021 0.00897969364522 
-0.00438703448526 19686 0.000817096203469 32064 -0.00538850411703 -6.43826189774 0.00699640582013 
-0.00376523292697 19682 0.000701284099803 32084 -0.0046247580676 -6.42138939671 0.00600476190758 
-0.00438703448526 19682 0.000817096203469 32084 -0.00538850411703 -6.42138939671 0.00699640582013 
-0.00625243916016 19682 0.00116453251447 32084 -0.00767974226535 -6.42138939671 0.00997133755776 
-0.0050305886841 19686 0.000941868155364 32070 -0.00613310691256 -6.45794648228 0.00798804973267 
-0.00627959258669 19684 0.00117571693046 32058 -0.0076558460888 -6.42982564723 0.00997133755776 
-0.0056550906354 19686 0.00105879254291 32078 -0.00689447650068 -6.42982564723 0.00897969364522 
-0.00315708283021 19686 0.000591094992724 32080 -0.00384899814821 -6.45232231527 0.00501311799504 
-0.00254556207147 19684 0.000470776548439 32084 -0.00307745625117 -6.45513439877 0.00402147408249 
-0.00380096796513 19670 0.000702951461843 32076 -0.00459517870568 -6.44107398125 0.00600476190758 
-0.0031732650183 19682 0.000586864005141 32066 -0.00383631747842 -6.41014106269 0.00501311799504 
-0.00631177975245 19680 0.00116730128865 32074 -0.00763062361468 -6.43263773073 0.00997133755776 
-0.00505637385879 19686 0.000935126375247 32074 -0.00611290116018 -6.42982564723 0.00798804973267 
-0.00191785912464 19688 0.000354689091738 32082 -0.00231859502392 -6.42982564723 0.00302983016995 
-0.00569809019678 19692 0.00105057677994 32062 -0.00686024449279 -6.42982564723 0.00897969364522 
-0.0107320939657 19694 0.00197871362704 32092 -0.0129209587742 -6.39889272867 0.0169128449456 
-0.0031810883123 19684 0.000586508356382 32072 -0.00382988735205 -6.45794648228 0.00501311799504 
-0.00506883972566 19684 0.000934559674047 32076 -0.0061026552076 -6.46638273279 0.00798804973267 
-0.0031810883123 19678 0.000586508356382 32088 -0.00382988735205 -6.42982564723 0.00501311799504 
-0.00318434617306 19692 0.000583844959435 32082 -0.00382758625581 -6.43263773073 0.00501311799504 
-0.00318434617306 19678 0.000583844959435 32070 -0.00382758625581 -6.41014106269 0.00501311799504 
-0.00318434617306 19688 0.000583844959435 32070 -0.00382758625581 -6.42701356372 0.00501311799504 
-0.00633382071273 19682 0.00116129625867 32072 -0.00761325678468 -6.42982564723 0.00997133755776 
-0.00568866907953 19672 0.00104326123029 32064 -0.0068691737546 -6.44107398125 0.00897969364522 
-0.00443224891954 19672 0.000812842757435 32064 -0.00535202303497 -6.44107398125 0.00699640582013 
-0.00631687915953 19672 0.00115847046671 32064 -0.00762774911442 -6.44107398125 0.00997133755776 
-0.00443224891954 19692 0.000812842757435 32068 -0.00535202303497 -6.46357064929 0.00699640582013 
-0.00254761867955 19694 0.000467215048156 32074 -0.00307629695552 -6.43263773073 0.00402147408249 
-0.00378277955421 19698 0.000694968514078 32084 -0.00461137324183 -6.44669814826 0.00600476190758 
-0.00503217807331 19686 0.000924506772881 32066 -0.00613444452229 -6.44669814826 0.00798804973267 
-0.00565687733286 19698 0.00103927590228 32088 -0.00689598016252 -6.42701356372 0.00897969364522 
-0.00376276813727 19684 0.000695878345145 32076 -0.00462757980381 -6.43544981424 0.00600476190758 
-0.00873392426312 19692 0.00161523339763 32074 -0.0107412761174 -6.45513439877 0.0139379132079 
-0.00497711086353 19692 0.000925833913771 32064 -0.00617900781258 -6.45513439877 0.00798804973267 
-0.00497711086353 19692 0.000925833913771 32072 -0.00617900781258 -6.45513439877 0.00798804973267 
-0.00188779503861 19688 0.000351164504251 32076 -0.0023436689702 -6.39608064516 0.00302983016995 
-0.0062128371935 19688 0.00115570167758 32076 -0.00771314334953 -6.39608064516 0.00997133755776 
-0.00435924769854 19678 0.000810900031867 32072 -0.0054119400441 -6.39608064516 0.00699640582013 
-0.00250565820359 19680 0.000466098386155 32076 -0.00311073673868 -6.40170481217 0.00402147408249 
-0.00559497402851 19696 0.00104076779568 32062 -0.00694607558105 -6.4185773132 0.00897969364522 
-0.0031119232447 19684 0.000579710307477 32064 -0.00388731548896 -6.42701356372 0.00501311799504 
-0.00618976795628 19682 0.00115307223315 32060 -0.0077320611588 -6.42701356372 0.00997133755776 
-0.00495863007164 19692 0.000923727462878 32070 -0.00619416289086 -6.42701356372 0.00798804973267 
-0.0031119232447 19684 0.000579710307477 32076 -0.00388731548896 -6.44388606475 0.00501311799504 
-0.00495078710966 19686 0.000930157739799 32078 -0.00619947192151 -6.41014106269 0.00798804973267 
-0.00556538241939 19686 0.00104562838548 32072 -0.00696908012347 -6.41014106269 0.00897969364522 
-0.00495078710966 19692 0.000930157739799 32060 -0.00619947192151 -6.44107398125 0.00798804973267 
-0.00556538241939 19682 0.00104562838548 32080 -0.00696908012347 -6.43263773073 0.00897969364522 
-0.00310700118047 19686 0.00058374580275 32050 -0.00389064731562 -6.4185773132 0.00501311799504 
-0.00434707085257 19692 0.000815522213322 32078 -0.00542103245906 -6.41014106269 0.00699640582013 
-0.00249865905693 19692 0.000468755176427 32078 -0.00311596298084 -6.41014106269 0.00402147408249 
-0.00249865905693 19692 0.000468755176427 32078 -0.00311596298084 -6.41014106269 0.00402147408249 
-0.00249865905693 19692 0.000468755176427 32078 -0.00311596298084 -6.41014106269 0.00402147408249 
-0.00434707085257 19684 0.000815522213322 32070 -0.00542103245906 -6.4157652297 0.00699640582013 
-0.0031281956543 19678 0.000581769036377 32060 -0.00387392420795 -6.42982564723 0.00501311799504 
-0.0018906200852 19702 0.000351609792568 32078 -0.00234132379348 -6.43263773073 0.00302983016995 
-0.00189648377256 19696 0.000345834504056 32082 -0.00233743848153 -6.43263773073 0.00302983016995 
-0.00314792025879 19678 0.000580130959529 32076 -0.00385815994306 -6.44669814826 0.00501311799504 
-0.00312499460427 19682 0.000586095585431 32062 -0.00387585509535 -6.40451689568 0.00501311799504 
-0.00316450236896 19686 0.000570980451575 32072 -0.00384594047184 -6.43544981424 0.00501311799504 
0.050641772198 19700 -0.00895423418906 32072 0.0577017413795 -6.44107398125 -0.0772933267462 
-0.0684651938152 20000 0.11474898511 32038 -0.3650952495 -6.39045647815 0.38877931215 
0.780060973053 21692 0.453104401203 32088 -1.34009582616 -6.34827522557 1.61544283197 
2.17309486616 24020 0.735140627819 32528 -2.74307330711 -6.32296647402 3.57592284707 
3.1905862789 25514 0.939224138507 32858 -3.54245224187 -6.19642271628 4.8591100699 
4.36230874658 27206 0.90867565342 32668 -5.03739612675 -6.16267771422 6.72538391331 
5.26826453422 28706 0.801508528196 32246 -6.16304474733 -6.06425479153 8.1474012839 
6.33445277277 30566 0.619960893531 31654 -7.32684771655 -6.07550312555 9.70527387051 
6.61891292745 31128 0.559978734313 31416 -8.29452547745 -6.09518771009 10.6265110653 
6.66833111102 31308 0.673468797611 31588 -8.6388900542 -6.10643604411 10.9339206781 
7.15316472983 32504 1.07967874075 32224 -9.19857273516 -6.16548979772 11.7024447104 
7.56490021511 33350 1.21204261723 32282 -9.8690267998 -6.29203355546 12.4937765526 
8.1212631819 34378 1.40664966779 32486 -10.5277606203 -6.52543648641 13.3703897713 
8.68148294391 35486 1.46213307919 32498 -11.0394959175 -6.75602733384 14.1200725692 
9.09199031291 36152 1.55146845497 32494 -11.3726167008 -6.91912817715 14.6426689111 
9.28407018652 36934 1.49912758303 32394 -11.5117701287 -7.09347735448 14.8647971475 
9.07599599443 36408 1.35804226331 32194 -11.4698235585 -7.17783985964 14.689276175 
7.99306158007 34416 0.901546652681 31574 -10.339224346 -7.23126944625 13.0996709831 
6.7959514258 32242 0.515676675908 30970 -9.05530503917 -7.26501444831 11.3335531749 
5.76453576034 30330 0.354711576054 30608 -7.90810458462 -7.35500112048 9.79253853481 
4.94270425769 28830 0.53459945027 31200 -6.82520129936 -7.3100077844 8.44390281375 
3.90018147415 27002 0.495116603684 31404 -5.37693158806 -7.42530320811 6.66092705899 
3.07204794682 25534 0.456665287507 31688 -4.35860332771 -7.41124279059 5.35195709444 
2.10709352839 23818 0.485843876873 32294 -3.13926012929 -7.35218903698 3.81193409825 
1.08557368997 21976 0.356041575272 32434 -1.86327077592 -7.37749778852 2.18563808168 
0.530438664643 20918 0.239973222957 32550 -1.05717566278 -7.34656486997 1.20688554 
0.0356101302098 19768 0.0664146216344 32606 -0.27552857166 -7.27626278233 0.285648345245 
-0.0354590645272 19488 0.0173020706912 32510 -0.113374643797 -7.29594736687 0.12004381185 
-0.0260354437177 19398 0.0135914895255 32604 -0.0506647999903 -7.27063861532 0.0585618892724 
-0.165894247646 19306 0.139560141222 32850 -0.29115043486 -7.27626278233 0.362996570424 
-0.101924360254 19282 0.0812799024202 32778 -0.163731624065 -7.31844403491 0.209291763979 
-0.0901588887016 19324 0.10021338461 32838 -0.156189908763 -7.31563195141 0.206316832242 
0.0467852785382 19752 0.905995814372 33700 -0.571151312436 -7.27907486584 1.07202196789 
0.327213483663 20388 1.2615058092 34322 -0.771118823225 -7.21158486171 1.51429515289 
-0.00181032707659 19128 0.000339635173802 31632 -0.00240566720125 -6.77289983488 0.00302983016995 
-0.00319831284089 19118 0.000631828622837 31634 -0.00380827252115 -6.81789317096 0.00501311799504 
-0.000624506300085 19122 0.000125765963995 31638 -0.00083031661614 -6.80102066993 0.00104654234486 
0.00247290140502 19096 -0.000396718722607 31622 0.0030047614802 -6.79258441941 -0.00391167721786 
-0.0843842431917 19134 0.0197193228134 31598 -0.193772025637 -6.82070525447 0.212266695717 
0.0418064577322 19478 -0.180198663106 30908 -0.638187169158 -6.81789317096 0.664456319837 
0.79718924265 20482 -0.75257060705 29340 -1.27417520645 -6.77289983488 1.6808913302 
1.68850258917 21720 -1.58511137825 27362 -2.24130541349 -6.73634274931 3.2228976142 
2.3702535577 22892 -2.53882818808 25182 -3.50782981381 -6.75883941735 4.93645829508 
2.70880347232 23526 -3.27252768454 23724 -4.10045574417 -6.65760441116 5.90430275372 
3.11623333525 24240 -4.03105586683 22178 -4.64690852318 -6.60136274105 6.89594666627 
3.40146668706 24866 -4.7252313137 20860 -5.03478137264 -6.60417482456 7.6971949476 
3.66397248925 25380 -5.38592308336 19782 -5.34310778059 -6.63229565961 8.42506157941 
3.98493469619 25760 -5.69554422934 19358 -5.51987818421 -6.59011440703 8.87625955962 
4.321980059 26380 -6.10768444847 18640 -6.19690259725 -6.58167815651 9.71519030963 
4.81150181022 26892 -6.22201325519 18570 -6.79868864417 -6.64354399363 10.3964496775 
5.38205192846 28112 -6.66242074814 18210 -7.69684641822 -6.59011440703 11.5150240109 
4.79088069061 27360 -5.8980375311 19826 -7.14630368256 -6.61542315858 10.4311572145 
4.07688541955 26646 -5.22716909182 21466 -6.39294244631 -6.60417482456 9.20945191423 
3.4990562177 25796 -4.64979383027 23104 -5.90313180069 -6.63791982662 8.28920636339 
2.85431877316 24770 -3.98311197379 24998 -5.28653773824 -6.62385940909 7.20831449872 
2.47338616118 24072 -3.40566828653 26304 -4.79762650919 -6.66041649466 6.38227511957 
1.91091542482 23052 -2.58609635661 28230 -4.20614090245 -6.66041649466 5.29444174751 
1.41569546143 22252 -1.90289411229 29626 -3.36926754592 -6.67166482868 4.12033535505 
0.956277111475 21532 -1.19148900252 31000 -2.52843070661 -6.65479232765 2.9541621139 
0.425425811696 20670 -0.521097010442 32370 -1.48397220301 -6.70259774724 1.62932584674 
0.104281664316 19980 -0.14037847181 33098 -0.628688576371 -6.70822191425 0.652556592887 
-0.0476971641359 19420 0.00325241574299 33426 -0.16687955909 -6.72509441529 0.173592583128 
-0.0255988134982 19214 0.00747166199373 33560 -0.0358479684339 -6.68291316271 0.0446788744968 
0.0116316273528 19160 -0.00164777049562 33500 0.0120138471079 -6.70822191425 -0.0168030480809 
0.0157907992752 19128 -0.00230157892893 33514 0.0116842577166 -6.67728899569 -0.0197779798186 
-0.38149418775 18514 -0.0138047737795 33342 -0.0623119359907 -6.69978566374 0.386796024325 
-0.890989147329 17882 -0.22828859419 32664 0.0680437272765 -6.70822191425 0.922283737099 
-1.99928673749 16342 -1.65354061011 28734 -0.0604288684048 -6.68853732972 2.59518701756 
-2.41828939453 15538 -2.3340314319 26756 -0.109797458231 -6.72509441529 3.36271940587 
-2.65590044322 15314 -2.68987199379 26108 -0.125312447308 -6.68291316271 3.78218478088 
-3.19230681519 14632 -3.35905099602 24820 -0.0957346443594 -6.71665816477 4.63499854567 
-3.9314045233 13938 -4.08541741681 24122 -0.197953059911 -6.7335306658 5.6732497221 
-4.51299611877 13220 -4.3918857887 23826 0.183876466172 -6.74759108333 6.29996867483 
-5.00598669738 12614 -4.75630117326 23512 0.462933617326 -6.80664483694 6.92073776408 
-5.36420515309 12422 -5.0018280042 23562 0.480913200009 -6.78133608539 7.35011957821 
-6.24955533187 11592 -5.3742596366 23312 0.70152679386 -6.82351733797 8.27234841688 
-6.31939956117 11410 -5.26840152519 23420 0.737663280015 -6.87132275756 8.26044868993 
-5.75631435195 11454 -4.76749127242 23958 0.499949463448 -6.85445025653 7.49093301379 
-4.44478761547 12572 -3.66276770817 26080 0.185405541568 -6.80945692045 5.76249767423 
-3.59908814928 13932 -2.85037258558 27800 -0.17294847803 -6.78133608539 4.59434114525 
-2.45089114352 15830 -1.7981691368 30062 -0.29762344296 -6.65479232765 3.05431814907 
-1.41934095112 17554 -0.928269877019 31830 -0.35865004517 -6.59011440703 1.73344845756 
0.142987998562 19846 0.0717921080499 34084 0.128505573354 -6.44107398125 -0.205215391464 
0.0233679406918 19798 -0.00136517687953 34046 0.0281827383003 -6.44669814826 -0.0366359263318 
0.083699765574 19892 -0.168328296294 34352 0.196255773813 -6.46638273279 0.27176533047 
0.194996662156 19904 -0.722853927563 35244 -0.00889674907417 -6.39889272867 0.748746052403 
-0.692309362105 19724 1.65508285329 36174 1.84074541427 -6.28922147196 2.57039591975 
-0.979670574402 19490 2.07915438638 37200 3.33094534598 -5.87022102966 4.04695370553 
-1.426046205 18802 2.5154014723 38170 4.12996385328 -5.81679144306 5.04157254981 
-1.80476376403 18350 3.36937004288 39494 5.32868303201 -5.55245559356 6.55779609209 
-1.65905037421 18480 3.73829675166 39628 6.70027959043 -4.31795093472 7.84990811013 
-1.68014564325 18404 4.29031135396 40534 7.32559404164 -3.58399713982 8.65413132321 
-1.88485237377 18118 4.84904585629 41418 7.9737226924 -3.55306422127 9.52082810277 
-2.0816617767 17636 5.46572602759 42566 8.59767011312 -2.50696915728 10.3984329654 
-2.1957818858 17520 5.95891872049 42972 8.99665004059 -2.38604956655 11.0122605472 
-1.42209851432 18756 4.18297942728 39434 5.97426130719 -2.29887497789 7.43044273513 
-0.525281180727 19704 1.33010421553 34470 1.4490654436 -2.26231789232 2.03589985089 
-0.168492503139 19864 0.433270875577 33090 0.271823046891 -2.18639163767 0.538517542944 
-0.0099921202479 19708 0.00928561007111 32916 -0.00821094518875 -2.22857289025 0.015921201033 
0.00354831118093 19708 -0.000325916625392 32576 0.00469615576554 -2.24825747479 -0.00589496504295 
0.00118334462001 19718 -0.000130773682309 32556 0.00151699683733 -2.27919039335 -0.00192838939277 
-3.25686989771e-05 19736 5.37066043581e-06 32546 -4.38665444724e-05 -2.25106955829 5.48984323139e-05 
0.00407379153542 19740 -0.000655014737452 32546 0.00551367038601 -2.23700914077 -0.0068866089555 
0.00461903181383 19736 -0.000622155049758 32538 0.00635171917277 -2.22857289025 -0.00787825286804 
0.00171755775563 19748 -0.000249262375218 32536 0.00234828834016 -2.22294872324 -0.00292003330532 
0.00417612131262 19752 -0.000510586731655 32516 0.00545203584706 -2.22857289025 -0.0068866089555 
0.00233524614191 19756 -0.000319575411868 32512 0.0031218128819 -2.24263330778 -0.00391167721786 
-0.00177764104581 19748 0.00024350742818 32506 -0.00244142730864 -2.22013663974 0.00302983016995 
-0.0267856804848 19846 0.0282787485777 32556 -0.0423930755035 -2.25106955829 0.0575702453599 
0.0203678306945 19792 -0.0146719555928 32562 0.0319131377191 -2.22294872324 -0.040602501982 
-0.0409472121861 19844 -0.039679841762 32166 -0.103378543736 -2.21170038922 0.118060524025 
0.131251250012 19968 -0.473190475898 32128 -0.103411498242 -2.20888830571 0.50182671818 
1.07499525644 21200 -1.41238819322 30530 0.699945728456 -2.14139830159 1.90797778617 
-0.127763825686 19722 -0.0201781442603 32640 -0.197475249932 -2.19763997169 0.236066149618 
-0.130261647515 19400 0.0692683231764 32980 -0.144223569008 -2.20888830571 0.206316832242 
-0.354495573692 19274 0.412257594236 33598 -0.0286586964247 -2.19763997169 0.544467406419 
-0.367702030422 19774 2.25903845153 36906 -0.00206133355597 -2.2032641387 2.28876904859 

 
