0.000563874214701 19628 4.52150590378e-05 32498 0.000746654915718 -2.2032641387 -0.000936745480232 
0.000563874214701 19628 4.52150590378e-05 32498 0.000746654915718 -2.2032641387 -0.000936745480232 
-0.00122688681137 19632 -9.83796707894e-05 32498 -0.00162458407364 -2.21732455623 0.0020381862574 
0.00116079455672 19624 9.30799689801e-05 32498 0.00153706791217 -2.20888830571 -0.00192838939277 
0.00116079455672 19640 9.30799689801e-05 32492 0.00153706791217 -2.22013663974 -0.00192838939277 
-0.00301764783744 19648 -0.000241974400617 32498 -0.003995823063 -2.20888830571 0.00501311799504 
0.000563828753055 19636 4.52271442978e-05 32496 0.000746688514296 -2.20607622221 -0.000936745480232 
-0.00361427675948 19636 -0.000289916779957 32500 -0.00478645143435 -2.22576080675 0.00600476190758 
-0.000629915679097 19638 -5.05282626323e-05 32496 -0.000834208613889 -2.19201580468 0.00104654234486 
-0.00182366011125 19630 -0.000146283669562 32486 -0.00241510574207 -2.22576080675 0.00302983016995 
-0.00361368596801 19620 -0.000290054895534 32498 -0.00478688912019 -2.22576080675 0.00600476190758 
-0.000629812712768 19636 -5.05523341611e-05 32492 -0.000834284896142 -2.23138497376 0.00104654234486 
-0.000629812712768 19610 -5.05523341611e-05 32492 -0.000834284896142 -2.23138497376 0.00104654234486 
0.00116051124037 19644 9.31492026625e-05 32514 0.00153727763829 -2.22576080675 -0.00192838939277 
-0.00361368596801 19624 -0.000290054895534 32492 -0.00478688912019 -2.22294872324 0.00600476190758 
-0.00122552860616 19636 -9.79281479806e-05 32490 -0.00162563616261 -2.20607622221 0.0020381862574 
-0.00122552860616 19638 -9.79281479806e-05 32490 -0.00162563616261 -2.2538816418 0.0020381862574 
-0.00062926907515 19638 -5.02829185719e-05 32490 -0.000834711290653 -2.20607622221 0.00104654234486 
-0.00182178813716 19638 -0.000145573377389 32494 -0.00241656103457 -2.20607622221 0.00302983016995 
-0.00301430719918 19636 -0.000240863836207 32490 -0.00399841077849 -2.20607622221 0.00501311799504 
0.000563818599943 19620 4.48715521474e-05 32496 0.000746717633983 -2.23419705726 -0.000936745480232 
-0.00659851901528 19634 -0.00052514370778 32500 -0.00873903505024 -2.19482788819 0.0109629814703 
-0.000629904335929 19640 -5.0130991174e-05 32510 -0.000834241146723 -2.16670705313 0.00104654234486 
0.00116068006788 19630 9.23728238079e-05 32500 0.00153719702433 -2.19763997169 -0.00192838939277 
-0.0018236272718 19636 -0.000145133534495 32500 -0.00241519992743 -2.19763997169 0.00302983016995 
-0.00122676580386 19638 -9.76322628347e-05 32502 -0.00162472053708 -2.17514330365 0.0020381862574 
-0.00122639045534 19640 -9.86933409929e-05 32500 -0.00162493978208 -2.21451247273 0.0020381862574 
0.00116032493933 19638 9.3376741805e-05 32500 0.00153740445863 -2.21451247273 -0.00192838939277 
-0.00241974815267 19654 -0.000194728382392 32502 -0.00320611190243 -2.22013663974 0.00402147408249 
-3.30327580014e-05 19632 -2.65829959389e-06 32482 -4.3767661722e-05 -2.22013663974 5.48984323139e-05 
-0.000629540830396 19652 -5.07178989357e-05 32494 -0.000834480028027 -2.18076747066 0.00104654234486 
-0.00182257489199 19628 -0.000146832682984 32482 -0.00241589150936 -2.21170038922 0.00302983016995 
-0.00301560895359 19636 -0.000242947467032 32488 -0.0039973029907 -2.23700914077 0.00501311799504 
0.000563493231202 19642 4.53968851124e-05 32496 0.000746931453311 -2.22294872324 -0.000936745480232 
-0.000629540830396 19642 -5.07178989357e-05 32502 -0.000834480028027 -2.22294872324 0.00104654234486 
-0.00242080784929 19642 -0.000192174264834 32498 -0.00320546598873 -2.19482788819 0.00402147408249 
-0.000629987380518 19636 -5.00111405955e-05 32496 -0.000834185630293 -2.23138497376 0.00104654234486 
-0.00301774800555 19652 -0.000239561972913 32502 -0.00399589277488 -2.2004520552 0.00501311799504 
-0.00182386769303 19640 -0.000144786556754 32498 -0.00241503920258 -2.2032641387 0.00302983016995 
-0.00242080784929 19644 -0.000192174264834 32486 -0.00320546598873 -2.2032641387 0.00402147408249 
-0.00122692753678 19654 -9.73988486749e-05 32512 -0.00162461241644 -2.19482788819 0.0020381862574 
-0.00242091640655 19624 -0.000193683414391 32504 -0.00320529316657 -2.23982122427 0.00402147408249 
-3.30487062098e-05 19650 -2.64403440061e-06 32508 -4.37564848962e-05 -2.19763997169 5.48984323139e-05 
-0.00242091640655 19648 -0.000193683414391 32506 -0.00320529316657 -2.25669372531 0.00402147408249 
-0.00122698255638 19652 -9.81637243961e-05 32500 -0.00162452482573 -2.25669372531 0.0020381862574 
-0.00122698255638 19630 -9.81637243961e-05 32504 -0.00162452482573 -2.21451247273 0.0020381862574 
-0.00301974395685 19640 -0.000242908872812 32496 -0.00399418248792 -2.2032641387 0.00501311799504 
-0.00122773903184 19636 -9.87595996856e-05 32506 -0.00162391706409 -2.23138497376 0.0020381862574 
-3.30690818338e-05 19652 -2.66008426805e-06 32502 -4.37401148705e-05 -2.23138497376 5.48984323139e-05 
0.000564265893169 19640 4.53896734407e-05 32494 0.000746348359739 -2.23138497376 -0.000936745480232 
-0.00242240898184 19642 -0.000194859115103 32496 -0.00320409401331 -2.23138497376 0.00402147408249 
-0.00242240898184 19638 -0.000194859115103 32506 -0.00320409401331 -2.23700914077 0.00402147408249 
-0.00600641883186 19638 -0.000483157661355 32496 -0.00794462486096 -2.23419705726 0.00997133755776 
-0.00421441390685 19644 -0.000339008388229 32496 -0.00557435943713 -2.21451247273 0.00699640582013 
-0.00182507400684 19638 -0.000146809357394 32496 -0.0024140055387 -2.21451247273 0.00302983016995 
-0.00301974395685 19646 -0.000242908872812 32492 -0.00399418248792 -2.22576080675 0.00501311799504 
-0.00301669505708 19642 -0.000240294710983 32484 -0.00399664376904 -2.18920372118 0.00501311799504 
-3.3035693468e-05 19646 -2.63145669807e-06 32496 -4.37670682507e-05 -2.22013663974 5.48984323139e-05 
-0.00361342692981 19628 -0.00028782736184 32498 -0.0047872191092 -2.20888830571 0.00600476190758 
-0.00421015880253 19630 -0.000335360012697 32494 -0.00557779444936 -2.20888830571 0.00699640582013 
-0.00182395253799 19632 -0.000145926283763 32496 -0.00241490652357 -2.20607622221 0.00302983016995 
-0.00122698461253 19634 -9.81655503696e-05 32490 -0.00162452316241 -2.22013663974 0.0020381862574 
-0.00182395253799 19644 -0.000145926283763 32488 -0.00241490652357 -2.21451247273 0.00302983016995 
-0.00122698461253 19636 -9.81655503696e-05 32500 -0.00162452316241 -2.23138497376 0.0020381862574 
-0.00241709005123 19626 -0.00019229369462 32490 -0.00320826317739 -2.22294872324 0.00402147408249 
-0.00182106665627 19636 -0.000144876536688 32488 -0.00241714664041 -2.21732455623 0.00302983016995 
0.0011590503185 19644 9.22092529745e-05 32506 0.0015384360445 -2.22013663974 -0.00192838939277 
0.000563647035816 19632 4.53600604254e-05 32498 0.000746817634144 -2.22857289025 -0.000936745480232 
-0.00182307236101 19632 -0.000146713576407 32480 -0.00241552337015 -2.19201580468 0.00302983016995 
-0.000629712662601 19628 -5.06767579907e-05 32490 -0.000834352868002 -2.19201580468 0.00104654234486 
-0.00122639251181 19632 -9.86951671987e-05 32496 -0.00162493811908 -2.20607622221 0.0020381862574 
-0.000629712662601 19634 -5.06767579907e-05 32494 -0.000834352868002 -2.2004520552 0.00104654234486 
-0.00122639251181 19636 -9.86951671987e-05 32496 -0.00162493811908 -2.22576080675 0.0020381862574 
-0.00122645319467 19634 -9.84861766895e-05 32496 -0.0016249049985 -2.22576080675 0.0020381862574 
-3.3034447882e-05 19640 -2.65271963502e-06 32496 -4.37667248283e-05 -2.23700914077 5.48984323139e-05 
-0.00719354692863 19648 -0.000577653461961 32502 -0.00953059636685 -2.27919039335 0.0119546253828 
0.00116038429891 19634 9.31807374193e-05 32500 0.00153737154884 -2.2032641387 -0.00192838939277 
0.00235366581585 19644 0.000188672618976 32496 0.00311863408031 -2.2032641387 -0.00391167721786 
-0.00122638169082 19644 -9.83081981791e-05 32496 -0.00162496974325 -2.2032641387 0.0020381862574 
-0.00122638169082 19634 -9.83081981791e-05 32500 -0.00162496974325 -2.22857289025 0.0020381862574 
-0.00241973085971 19648 -0.000193968470564 32484 -0.00320617101776 -2.23700914077 0.00402147408249 
-0.00122638169082 19634 -9.83081981791e-05 32490 -0.00162496974325 -2.23700914077 0.0020381862574 
-0.00122638169082 19646 -9.83081981791e-05 32494 -0.00162496974325 -2.22013663974 0.0020381862574 
-0.00122668104737 19646 -9.82351214838e-05 32494 -0.00162474819243 -2.22013663974 0.0020381862574 
-0.00122668104737 19634 -9.82351214838e-05 32506 -0.00162474819243 -2.24263330778 0.0020381862574 
-3.30405850814e-05 19646 -2.64595747716e-06 32492 -4.37625012657e-05 -2.22857289025 5.48984323139e-05 
0.00295106057063 19638 0.000236326952539 32502 0.00390870172664 -2.22857289025 -0.00490332113041 
-0.00241896208249 19646 -0.000192617411093 32498 -0.00320683251396 -2.21732455623 0.00402147408249 
0.00115994800059 19634 9.23644824747e-05 32488 0.00153775000844 -2.21732455623 -0.00192838939277 
-0.00420841712403 19646 -0.000335108357876 32504 -0.00557912377516 -2.21732455623 0.00699640582013 
0.00115994800059 19646 9.23644824747e-05 32504 0.00153775000844 -2.21732455623 -0.00192838939277 
-0.0012259920548 19652 -9.76234465703e-05 32504 -0.00162530500649 -2.20888830571 0.0020381862574 
-0.00420841712403 19650 -0.000335108357876 32508 -0.00557912377516 -2.21170038922 0.00699640582013 
-3.30220271054e-05 19642 -2.62948204774e-06 32496 -4.3777499021e-05 -2.23138497376 5.48984323139e-05 
-0.00182488258619 19646 -0.000147143412488 32504 -0.00241412990982 -2.23138497376 0.00302983016995 
-3.30656134236e-05 19646 -2.66613711588e-06 32504 -4.37423683895e-05 -2.23138497376 5.48984323139e-05 
0.00116147903508 19632 9.36520464655e-05 32504 0.00153651599257 -2.21732455623 -0.00192838939277 
0.000563343041934 19626 4.44494556295e-05 32482 0.00074710170508 -2.21451247273 -0.000936745480232 
-0.00241844715614 19626 -0.000190822734208 32482 -0.00320732814555 -2.21451247273 0.00402147408249 
-0.00241844715614 19622 -0.000190822734208 32492 -0.00320732814555 -2.2004520552 0.00402147408249 
0.000563343041934 19634 4.44494556295e-05 32500 0.00074710170508 -2.2004520552 -0.000936745480232 
0.000563309190525 19626 4.49042614127e-05 32492 0.000747100032065 -2.23419705726 -0.000936745480232 
-0.00182197962678 19636 -0.000145239330062 32494 -0.00241643676419 -2.2032641387 0.00302983016995 
-0.00242041230508 19638 -0.000194573837595 32502 -0.00320561992309 -2.23138497376 0.00402147408249 
-0.00752380354035 19636 -0.00117485471747 32462 -0.0104698608084 -2.20888830571 0.0129462692954 
-0.106683017525 19732 -0.0522578586907 32402 -0.413710551033 -2.22576080675 0.430428356477 
0.174001124181 20040 0.427868939409 33084 -0.918823716701 -2.2004520552 1.02838963574 
-0.027107062307 19882 0.193221415911 32916 -0.359018960155 -2.19201580468 0.408612190401 
0.0112679858389 19842 -0.0309584065977 32812 0.0382984721194 -2.2004520552 -0.0505189411075 
-0.0159095099128 19854 0.0406388239923 32942 -0.0488473996533 -2.17233122015 0.0655033966603 
0.0983951064347 20002 0.445228323861 32930 -0.442947978506 -2.20607622221 0.635698646373 
0.58097592462 20888 1.46267490288 34782 -1.18892704338 -2.18076747066 1.97243464048 
1.78220878929 23170 3.19211165092 38088 -2.15791066606 -2.12452580055 4.24528248804 
2.34086338894 24130 4.34262571453 39930 -2.75692976623 -2.0964049655 5.65143355602 
2.66863335659 24672 5.04420776366 41156 -3.11876553211 -2.11046538303 6.5032556769 
3.43961800095 25708 6.04121673743 42490 -3.76829856411 -2.14139830159 7.90742345706 
4.44928392769 27084 6.87783390405 43182 -4.72265569199 -2.17233122015 9.45537960454 
5.15101362258 28116 7.70299626881 44210 -5.47352127201 -2.2538816418 10.7623662813 
6.05830426808 29552 8.86008134697 45458 -6.38098404373 -2.47322415522 12.4868350452 
5.81308400658 28992 8.54348655282 45360 -6.2970758025 -2.56602291089 12.1010855632 
5.20493078757 27936 7.76159556767 44636 -5.46488400854 -2.54633832635 10.8258314917 
4.3929244119 26928 6.83754601156 42756 -4.44240825879 -2.54633832635 9.2620090416 
3.68609797532 26030 5.74315354129 40414 -3.6178130657 -2.5716470779 7.72396933324 
2.84813882249 24730 4.71232016556 39066 -2.79955935299 -2.59414374595 6.17700482967 
0.000557646846379 18988 -6.6447719773e-06 31542 0.000752647285561 -2.69819083564 -0.000936745480232 
-3.05940197873e-05 18982 -2.95015250949e-07 31528 -4.55824175508e-05 -2.66725791708 5.48984323139e-05 
-0.000628682587981 18968 -7.4447747956e-06 31506 -0.000836632331721 -2.68694250162 0.00104654234486 
-3.15842190275e-05 18982 -1.73775339139e-07 31540 -4.49026144125e-05 -2.68131833461 5.48984323139e-05 
0.00232349063791 18958 2.58280450597e-05 31522 0.00314673526442 -2.6756941676 -0.00391167721786 
-3.0935157052e-05 18976 -2.86031900246e-07 31530 -4.53516495228e-05 -2.67850625111 5.48984323139e-05 
-0.00357245182594 18972 -4.70621837033e-05 31544 -0.00482623441919 -2.69819083564 0.00600476190758 
0.0669147035993 19010 0.00387712380702 31524 0.0921942359843 -2.6756941676 -0.11398415151 
-0.0234032991782 19154 -0.15962722095 30802 -0.2629004291 -2.72068750369 0.308456155234 
0.372251242242 19728 -1.13181368096 28852 -1.16023042214 -2.6756941676 1.66304173977 
0.990331303938 20560 -2.2552090302 26584 -2.00080156045 -2.65319749956 3.17331541857 
1.67536189942 21460 -3.26056387531 24536 -2.9642526247 -2.61945249749 4.71433005867 
2.32051973174 22428 -4.05816155452 22822 -3.90429596017 -2.59976791296 6.09073180928 
2.88476016124 24008 -5.53261613364 20108 -5.44799557391 -2.60539207997 8.28325649992 
3.10636753597 24816 -6.60508689548 18846 -6.61118765861 -2.66444583358 9.84807059391 
3.80460646817 25816 -7.00463015587 18938 -7.60952003448 -2.67007000059 11.0201936985 
4.20582385522 26930 -7.43511073023 19232 -8.56425541667 -3.18749336557 12.0961273437 
4.32452549653 27134 -7.5068952107 19202 -8.81128338862 -3.49963463466 12.3569296926 
3.76704942038 26298 -6.33052916425 21298 -7.54690788092 -3.51088296869 10.5461879083 
2.8784418256 24676 -4.68861195037 24716 -5.84013467808 -3.5727488058 8.02344579483 
2.01959555368 23384 -3.48261963809 27098 -4.22219578111 -3.53619172023 5.83389603593 
1.13173895515 21930 -2.28768372455 29504 -2.80860696989 -3.64305089344 3.79507615174 
0.416184478917 20650 -1.26387494674 31382 -1.66462844582 -3.65148714395 2.13109766649 
-0.0111571535692 19548 -0.0728669950535 33296 -0.17452962023 -3.65992339447 0.189458885728 
-0.0240322875294 19270 -0.0103923368466 33354 -0.0386239030074 -3.67117172849 0.0466621623219 
-0.116126773157 19100 0.00829356995237 33584 -0.139274482635 -3.64867506045 0.181525734428 
-0.0758786653172 19016 0.00356452068581 33594 -0.100519294486 -3.6767958955 0.125993675325 
-0.309537555869 18754 0.0566052922495 33722 -0.131857539438 -3.69085631303 0.341180404348 
-0.837648594547 17898 0.0365292738726 33596 -0.0301224584111 -3.69366839653 0.838985648445 
-1.741686604 17510 0.583094356193 34236 0.555564329534 -3.74709798313 1.91888586921 
-3.39321360637 15244 1.17197793359 34888 2.18512407933 -3.77521881819 4.2026417998 
-4.17761609801 14088 1.38319210028 35004 3.05290381622 -3.70210464705 5.35592367009 
-4.94782677376 12526 0.970933951404 34050 3.98673761846 -3.80052756974 6.42789073955 
-3.3401258108e-05 18780 2.6074209016e-06 32618 -4.34901734138e-05 -3.3618425429 5.48984323139e-05 
0.00288218123377 18776 -0.000216795911083 32614 0.00396088234823 -3.37027879342 -0.00490332113041 
0.000562158456812 18770 -4.13805504882e-05 32604 0.000748169509009 -3.37309087692 -0.000936745480232 
-3.32457891907e-05 18788 2.38184807898e-06 32604 -4.36220376798e-05 -3.35059420888 5.48984323139e-05 
-0.11348574114 18696 -0.0111516884868 32574 -0.108968830271 -3.3618425429 0.157726280527 
-0.0421856034329 18784 -0.00384934883768 32564 -0.0599873649438 -3.34497004187 0.0734365479606 
-0.21627772396 19030 -0.602195522187 31378 -0.23403766515 -3.37309087692 0.68131426635 
0.35402706077 19406 2.38850603689 27516 -0.521333712063 -3.37309087692 2.47023988458 
0.991565428282 18646 3.44567822566 24164 -1.09661016132 -3.4152721295 3.74946053176 
-1.2601415922 18184 -4.03074350952 22176 0.638081597388 -3.40402379548 4.27106522976 
-0.979094601974 17872 -2.81186238237 25342 -0.890865027692 -3.32809754084 3.10786692035 
-1.32873372569 17814 -3.87522552654 23076 -1.12087482596 -3.3590304594 4.24726577586 
-1.69085636667 17394 -4.76380656285 21118 -1.31033437489 -3.36746670991 5.22205174189 
-2.29244567546 16482 -5.71360976586 19460 -1.20512358636 -3.3618425429 6.27319428919 
-2.71237018621 16000 -6.43680419227 18476 -0.974750718917 -3.39558754497 7.05262640445 
-3.14217973877 15522 -6.9586724382 17390 -0.901710775804 -3.4658896326 7.68827015239 
-3.51742140778 15244 -7.4347684451 16814 -0.990319199212 -3.47995005013 8.28424814383 
-3.74645908116 15034 -7.72769014763 16310 -1.21132254969 -3.50525880167 8.67297255755 
-3.78029176772 14964 -7.57963274837 16472 -1.38631404786 -3.49401046765 8.58273296151 
-3.17641804462 14692 -6.30095433085 18502 -1.36687786192 -3.45182921507 7.18748997655 
-2.41608710862 15046 -4.76749094807 22106 -1.26221570163 -3.46307754909 5.4917788861 
-1.79593573494 16146 -3.42063980679 25384 -1.25069301475 -3.36746670991 4.0608367203 
-1.2323436682 17002 -2.17678329334 27948 -1.01450285714 -3.4152721295 2.69930962838 
-0.373855597465 18398 -0.593039921874 31308 -0.310168539527 -3.31684920682 0.766595642829 
0.0116197752282 19076 0.00757821292784 32866 0.012667988366 -3.29154045527 -0.018786335906 
0.00228855359787 19012 0.000498142845545 33088 0.00313298496515 -3.29716462228 -0.00391167721786 
0.00564722518369 19032 0.00128296644594 33096 0.00798203167531 -3.28310420475 -0.00986154069313 
0.00387141004351 19010 0.000796681416774 33098 0.00563940297382 -3.28591628826 -0.0068866089555 
0.00333835569802 19006 0.000615370619649 33104 0.00481947228352 -3.29716462228 -0.00589496504295 
0.00506715186937 19010 0.000870361705257 33112 0.00722782895017 -3.27185587073 -0.00886989678058 
0.00395508830956 19002 0.000664520109164 33110 0.00559830978011 -3.27185587073 -0.0068866089555 
0.00398457772736 18998 0.000639043457067 33100 0.00558033571576 -3.28029212125 -0.0068866089555 
0.00508745127471 19004 0.000815925780969 33108 0.00721991506498 -3.29716462228 -0.00886989678058 
0.00566888739415 19000 0.000904103896378 33110 0.00801849715964 -3.23811086867 -0.00986154069313 
0.00282126494918 19000 0.000433098565051 33100 0.00398690955847 -3.26341962022 -0.00490332113041 
0.00458386780619 19002 0.000677814000059 33100 0.00637146705002 -3.27185587073 -0.00787825286804 

 
