-0.00802385719778 18714 7.58116653351e-05 31454 -0.0113963763036 -3.13406377897 0.0139379132079 
-0.00802385719778 18706 7.58116653351e-05 31446 -0.0113963763036 -3.13406377897 0.0139379132079 
-0.00973648283118 18718 9.19930352378e-05 31454 -0.0138288381114 -3.17062086454 0.0169128449456 
-0.00973648283118 18718 9.19930352378e-05 31456 -0.0138288381114 -3.13406377897 0.0169128449456 
-0.0103073580423 18728 9.73868252053e-05 31450 -0.0146396587141 -3.15937253052 0.0179044888581 
-0.00802167677248 18720 8.8838864113e-05 31458 -0.011397817072 -3.15937253052 0.0139379132079 
-0.00802167677248 18722 8.8838864113e-05 31454 -0.011397817072 -3.19030544908 0.0139379132079 
-0.0091631169323 18720 0.000101480142256 31460 -0.0130196632906 -3.19030544908 0.015921201033 
-0.00861648146843 18708 8.32818103034e-05 31460 -0.0121918410036 -3.16218461402 0.0149295571205 
-0.00861648146843 18690 8.32818103034e-05 31446 -0.0121918410036 -3.11719127794 0.0149295571205 
-0.00976112110198 18720 9.43452195588e-05 31452 -0.013811442284 -3.13687586248 0.0169128449456 
-0.00861648146843 18700 8.32818103034e-05 31452 -0.0121918410036 -3.13687586248 0.0149295571205 
-0.0114780805523 18700 0.000110940333442 31452 -0.0162408442046 -3.14531211299 0.0198877766832 
-0.00861648146843 18720 8.32818103034e-05 31456 -0.0121918410036 -3.13406377897 0.0149295571205 
-0.00861648146843 18712 8.32818103034e-05 31450 -0.0121918410036 -3.18186919856 0.0149295571205 
-0.0115045231847 18712 0.000109301402527 31450 -0.0162221349056 -3.18186919856 0.0198877766832 
-0.00806269339211 18704 7.66014967982e-05 31456 -0.0113689283606 -3.19030544908 0.0139379132079 
-0.00748905509334 18700 7.11515125101e-05 31450 -0.010560060603 -3.19311753258 0.0129462692954 
-0.00923092836063 18714 8.9202076063e-05 31454 -0.012971763447 -3.13687586248 0.015921201033 
-0.00808104100013 18728 7.80902641424e-05 31442 -0.0113558840632 -3.13968794598 0.0139379132079 
-0.00980587204089 18708 9.47579820232e-05 31448 -0.0137797031389 -3.15937253052 0.0169128449456 
-0.0126805904421 18708 0.000122537511825 31448 -0.0178194015983 -3.17062086454 0.0218710645083 
-0.00635620995937 18712 6.14225462616e-05 31446 -0.00893206498753 -3.17062086454 0.0109629814703 
-0.0115307030816 18722 0.000111425699904 31454 -0.0162035222146 -3.13406377897 0.0198877766832 
-0.0115270432025 18722 0.000127873902153 31454 -0.016206004587 -3.13406377897 0.0198877766832 
-0.00692895367104 18718 7.68655350887e-05 31456 -0.00974149684383 -3.12843961196 0.0119546253828 
-0.00692895367104 18724 7.68655350887e-05 31458 -0.00974149684383 -3.17343294805 0.0119546253828 
-0.0109522820111 18710 0.00012149785627 31458 -0.0153979411191 -3.16218461402 0.0188961327707 
-0.00752219538668 18706 7.87157363459e-05 31452 -0.0105364258203 -3.17624503155 0.0129462692954 
-0.00867454887075 18714 9.07744969028e-05 31448 -0.0121505406338 -3.15374836351 0.0149295571205 
-0.00694601864464 18722 7.26863560675e-05 31456 -0.00972936841353 -3.15374836351 0.0119546253828 
-0.00521748841852 18712 5.45982152322e-05 31454 -0.00730819619328 -3.15374836351 0.00897969364522 
-0.0063698419026 18720 6.6656975789e-05 31444 -0.00892231100678 -3.17343294805 0.0109629814703 
-0.00752219538668 18716 7.87157363459e-05 31442 -0.0105364258203 -3.17624503155 0.0129462692954 
-0.00925072561279 18730 9.68038771812e-05 31462 -0.0129575980405 -3.17624503155 0.015921201033 
-0.00925072561279 18712 9.68038771812e-05 31452 -0.0129575980405 -3.15093628 0.015921201033 
-0.00923720751279 18704 9.21845403819e-05 31452 -0.0129672719456 -3.17905711506 0.015921201033 
-0.00693586841658 18716 6.92178714451e-05 31460 -0.00973663218153 -3.17905711506 0.0119546253828 
-0.00807419345395 18720 8.59716091415e-05 31448 -0.0113606968775 -3.1481241965 0.0139379132079 
-0.0115209324318 18714 0.000122671460081 31452 -0.0162103895393 -3.1481241965 0.0198877766832 
-0.00692528046133 18718 7.3738325495e-05 31444 -0.00974413265691 -3.11437919443 0.0119546253828 
-0.00864864995026 18720 9.20882509648e-05 31472 -0.0121689789878 -3.13968794598 0.0149295571205 
-0.0120953889281 18712 0.000128788101904 31442 -0.0170186716496 -3.16218461402 0.0208794205958 
-0.00922310644657 18714 9.82048927881e-05 31448 -0.0129772610981 -3.17624503155 0.015921201033 
-0.00863402388559 18712 9.59839883175e-05 31452 -0.0121793306233 -3.18186919856 0.0149295571205 
-0.00806053887476 18712 8.96085856885e-05 31452 -0.0113703609416 -3.18186919856 0.0139379132079 
-0.0120749339506 18706 0.000134236404092 31448 -0.0170331487134 -3.19030544908 0.0208794205958 
-0.00806053887476 18724 8.96085856885e-05 31450 -0.0113703609416 -3.14250002949 0.0139379132079 
-0.0126284852851 18714 0.000138222110794 31432 -0.0178562514761 -3.22967461815 0.0218710645083 
-0.0137736477031 18714 0.000150756216274 31440 -0.01947547244 -3.15656044701 0.0238543523334 
-0.00690267319542 18716 7.55515833968e-05 31442 -0.00976014665667 -3.18186919856 0.0119546253828 
-0.0103381604492 18722 0.000113153899835 31454 -0.0146178095483 -3.15374836351 0.0179044888581 
-0.0103381604492 18718 0.000113153899835 31452 -0.0146178095483 -3.13968794598 0.0179044888581 
-0.00862041682233 18718 9.43527416161e-05 31454 -0.0121889781025 -3.13125169547 0.0149295571205 
-0.00460460932505 18712 5.02550221557e-05 31450 -0.00652717288939 -3.13125169547 0.00798804973267 
-0.0114640550616 18712 0.00012511948364 31460 -0.0162506445429 -3.17062086454 0.0198877766832 
-0.00746271171527 18714 8.14485477741e-05 31446 -0.0105786194117 -3.14250002949 0.0129462692954 
-0.00860595267136 18700 9.39259580215e-05 31434 -0.0121991980206 -3.14250002949 0.0149295571205 
-0.00688498322401 18724 7.84379545699e-05 31450 -0.00977261078405 -3.13406377897 0.0119546253828 
-0.00745609703841 18714 8.49444336665e-05 31450 -0.0105832551734 -3.17343294805 0.0129462692954 
-0.00745609703841 18710 8.49444336665e-05 31460 -0.0105832551734 -3.15937253052 0.0129462692954 
-0.00631386940962 18704 7.19314754732e-05 31446 -0.00896196639468 -3.15937253052 0.0109629814703 
-0.0080272108528 18724 9.14509127631e-05 31452 -0.0113938995628 -3.17343294805 0.0139379132079 
-0.0108827799248 18722 0.000123983308246 31452 -0.0154471215097 -3.13968794598 0.0188961327707 
-0.00916943848159 18710 0.000104463870956 31456 -0.0130151883415 -3.13968794598 0.015921201033 
-0.012596121368 18714 0.000143502745536 31454 -0.0178790546778 -3.16218461402 0.0218710645083 
-0.0160350058702 18714 0.000177200066249 31442 -0.0227343621144 -3.13125169547 0.0278209279836 
-0.00974796987877 18718 0.000107723122916 31454 -0.0138206296211 -3.15374836351 0.0169128449456 
-0.00518613212976 18708 5.44069254905e-05 31452 -0.007330482343 -3.16499669753 0.00897969364522 
-0.00919513019976 18712 9.64647161192e-05 31448 -0.0129971118908 -3.16499669753 0.015921201033 
-0.0126314142598 18708 0.000132514250944 31454 -0.0178542229318 -3.16499669753 0.0218710645083 
-0.00747698816976 18702 7.84399487069e-05 31438 -0.0105685563703 -3.16218461402 0.0129462692954 
-0.00690427415976 18722 7.24316929028e-05 31442 -0.00975903786349 -3.11437919443 0.0119546253828 
-0.00633156014976 18712 6.64234370987e-05 31448 -0.00894951935666 -3.11437919443 0.0109629814703 
-0.00633156014976 18712 6.64234370987e-05 31450 -0.00894951935666 -3.13406377897 0.0109629814703 
-0.00749245841082 18710 7.69424818975e-05 31452 -0.0105576055754 -3.13406377897 0.0129462692954 
-0.00691855942853 18716 7.10489273878e-05 31434 -0.00974892586535 -3.13406377897 0.0119546253828 
-0.00749245841082 18700 7.69424818975e-05 31454 -0.0105576055754 -3.20717795011 0.0129462692954 
-0.0103619533223 18708 0.000106410254446 31456 -0.0146010041256 -3.15937253052 0.0179044888581 
-0.00866178298691 18708 7.91939905521e-05 31446 -0.0121597253099 -3.1481241965 0.0149295571205 
-0.00866178298691 18694 7.91939905521e-05 31452 -0.0121597253099 -3.13125169547 0.0149295571205 
-0.00866178298691 18702 7.91939905521e-05 31452 -0.0121597253099 -3.17624503155 0.0149295571205 
-0.00636046773652 18710 5.81532488858e-05 31446 -0.00892905544224 -3.17624503155 0.0109629814703 
-0.00923711179951 18720 8.44541759687e-05 31444 -0.0129673927769 -3.16780878103 0.015921201033 
-0.00981585211515 18710 9.53812979507e-05 31446 -0.0137725913979 -3.16499669753 0.0169128449456 
-0.00981585211515 18702 9.53812979507e-05 31452 -0.0137725913979 -3.16499669753 0.0169128449456 
-0.00924032327729 18722 8.97888453629e-05 31448 -0.0129650686858 -3.15937253052 0.015921201033 
-0.00693820792585 18720 6.74190350115e-05 31440 -0.00973497783745 -3.17905711506 0.0119546253828 
-0.00924841991006 18714 8.54934792176e-05 31456 -0.0129593233761 -3.17905711506 0.015921201033 
-0.00924841991006 18712 8.54934792176e-05 31448 -0.0129593233761 -3.17905711506 0.015921201033 
-0.00924841991006 18702 8.54934792176e-05 31454 -0.0129593233761 -3.13968794598 0.015921201033 
-0.00924841991006 18704 8.54934792176e-05 31458 -0.0129593233761 -3.17343294805 0.015921201033 
-0.00924841991006 18704 8.54934792176e-05 31452 -0.0129593233761 -3.15937253052 0.015921201033 
-0.00752032051251 18720 6.95187255443e-05 31460 -0.0105378287709 -3.16780878103 0.0129462692954 
-0.00867238677754 18716 8.01685613265e-05 31458 -0.0121521585077 -3.14250002949 0.0149295571205 
-0.00924119106182 18716 8.38417300451e-05 31442 -0.0129644899883 -3.14250002949 0.015921201033 
-0.00866560817444 18704 7.86196905115e-05 31454 -0.0121570033201 -3.14250002949 0.0149295571205 
-0.0115435226113 18724 0.000104729888179 31456 -0.0161944366612 -3.16780878103 0.0198877766832 
-0.012671325976 18706 0.000122555496221 31442 -0.0178259906004 -3.15374836351 0.0218710645083 
-0.00635156609896 18706 6.14315610308e-05 31442 -0.00893536775807 -3.15374836351 0.0109629814703 
-0.00635156609896 18706 6.14315610308e-05 31442 -0.00893536775807 -3.17062086454 0.0109629814703 
-0.00863883032032 18708 8.26145587322e-05 31454 -0.0121760199304 -3.17062086454 0.0149295571205 
-0.00923330001505 18714 8.50970478495e-05 31468 -0.0129701029934 -3.15374836351 0.015921201033 
-0.00746663686185 18704 8.23538761842e-05 31454 -0.010575842306 -3.13687586248 0.0129462692954 
-0.0069104771595 18698 7.38145952277e-05 31454 -0.00975463607101 -3.15937253052 0.0119546253828 
-0.00748747872924 18706 7.20661060254e-05 31448 -0.0105611721615 -3.15093628 0.0129462692954 
-0.00634867195898 18702 2.04461389418e-05 31450 -0.00893761204299 -3.15093628 0.0109629814703 
-0.136685652551 18742 0.0623606290782 31534 -0.406529943009 -3.17905711506 0.433403288214 
0.231379011161 19624 0.518053882584 32396 -1.3158710489 -3.15093628 1.43298035206 
0.931144295724 21158 1.51162300088 34506 -3.0318792936 -3.12281544495 3.51344928058 
2.11415954089 23204 2.4660636115 36722 -4.79452794359 -3.06657377484 5.79125534769 
2.58320044437 24078 3.17825237292 37776 -5.47754450356 -3.08063419237 6.83942296325 
3.1248545848 25048 3.98355061046 38952 -6.0106458049 -3.06376169134 7.85883290535 
3.34339037101 25422 4.44570801181 39662 -6.41846622685 -3.06376169134 8.49348500938 
3.8444695021 26136 5.05481253164 40468 -7.18886173627 -3.05813752433 9.59222646448 
4.50157013621 27176 5.79544623373 41670 -7.77466811626 -3.15374836351 10.6909679196 
5.12886853628 28308 6.47862721841 42796 -8.14181687235 -3.28310420475 11.6003053874 
5.61815019009 29076 7.04539319762 43790 -8.30095203319 -3.37309087692 12.2518154379 
5.91376983046 29530 7.47519297634 44436 -8.38683839844 -3.44058088105 12.6960719107 
6.20598808508 30042 7.77303059201 44844 -8.82325118549 -3.47151379961 13.2960164778 
6.26188833385 30056 7.91512216407 45006 -9.02756838166 -3.48557421714 13.5409525242 
6.04646094395 29660 7.73574931052 44876 -8.9612190133 -3.55306422127 13.2930415461 
5.76313976519 29128 7.50330324557 44560 -8.665686318 -3.53619172023 12.8299438389 
5.08293848063 28006 6.74833392136 43144 -7.86509552427 -3.61211797488 11.5427900405 
4.60991589406 27258 6.2222496955 41890 -7.43683469483 -3.58680922333 10.7365835396 
4.04094672078 26500 5.66791305758 40966 -6.70164093239 -3.5699367223 9.66263318227 
3.253108018 25534 4.95390203506 39704 -6.06047433896 -3.64305089344 8.47662706286 
2.68763315954 24800 4.24003634202 38542 -5.01553664875 -3.71616506458 7.0962587366 
1.77645386345 23424 3.09307523277 36568 -3.68400562802 -3.65148714395 5.1278455702 
1.13477627742 22430 2.22194713426 35226 -2.63049815574 -3.65992339447 3.6255050427 
0.65886853514 21402 1.44006840082 33804 -1.75266972786 -3.65148714395 2.36215069811 
0.383217695042 20868 0.988919455868 33110 -1.23296383027 -3.67960797901 1.62635091501 
0.0117029852067 19766 0.129601496158 31758 -0.22722529399 -3.55306422127 0.261848891344 
-0.00142286079098 19496 0.000359755131007 31450 -0.00265064412434 -3.60368172436 0.00302983016995 
-0.00829366664268 19470 0.000789988655132 31420 -0.0123888129923 -3.60086964086 0.0149295571205 
-0.00983234914807 19454 0.00107250055189 31416 -0.0149246565812 -3.62899047591 0.0179044888581 
-0.00897217826491 19466 0.000846447574459 31424 -0.0131250975623 -3.61211797488 0.015921201033 
-0.0096465587279 19464 0.000851799702617 31412 -0.0138658813686 -3.6233663089 0.0169128449456 
-0.0109196267804 19454 -0.000631281415431 31322 -0.0166098433512 -3.65148714395 0.0198877766832 
-0.0206091796026 19528 -0.0874273658308 31188 -0.268022342584 -3.58680922333 0.282673413508 
0.50528671014 20192 -0.541104254409 30274 -0.829301587473 -3.56150047178 1.11168772439 
0.830705582481 20698 -0.959844884324 29522 -1.20218956578 -3.53900380374 1.74832311625 
1.76474587231 21918 -1.28508542476 28732 -2.31535747466 -3.49963463466 3.18224021379 
2.57645888176 23192 -1.3584878256 28630 -3.47450343772 -3.47713796662 4.53385086659 
2.9076444031 23792 -1.35183151838 28772 -4.10656055475 -3.47432588312 5.21015201494 
3.47637561946 24542 -1.53738673965 28346 -5.19951235781 -3.45182921507 6.44078211041 
4.20761261948 25782 -1.56373129309 28406 -5.90515103354 -3.38152712744 7.41755136427 
4.90010230948 27154 -1.43878618074 28890 -6.83000437699 -3.38152712744 8.52819254632 
5.52829113336 28236 -1.53637236625 28770 -7.66213260566 -3.40121171198 9.57239358622 
5.96093497144 29140 -1.55286553538 28814 -8.12633422027 -3.36746670991 10.1971292511 
6.16704766895 29862 -1.60434993077 28708 -8.38837361097 -3.38152712744 10.5342881814 
6.52441825066 31008 -1.45674066817 28666 -8.84688097234 -3.43776879755 11.0886171285 
6.90611771724 31900 -1.4390689034 28548 -9.25620765241 -3.93550757799 11.6379878561 
7.20209658451 32496 -1.57414677468 28292 -9.70233156608 -4.39950135637 12.1853752958 
5.72176408671 30462 -1.480890819 28518 -7.65930578641 -4.80725346465 9.67453290922 
4.06142263423 27232 -1.4277628651 28662 -5.72331983246 -4.85787096774 7.16170723483 
2.36311320028 24164 -1.12938848651 29418 -3.69716301861 -4.89724013682 4.53087593485 
1.2733368308 22224 -0.691677140111 30586 -2.16847156526 -4.91130055434 2.60807838842 
0.134087417938 19978 -0.0992947470529 32190 -0.413932410279 -4.93660930589 0.446294659077 
-0.0219799849344 19260 0.00296352279183 32440 -0.0455122720109 -4.93379722239 0.0506287379721 
-0.0445184197564 19228 -0.0286053186178 32290 -0.160116815557 -4.93098513888 0.168634363565 
0.230852610295 19404 -0.457078642208 31708 -0.437296596446 -4.9394213894 0.67338111505 
0.661830442503 20262 -1.35561640406 29654 -1.1172746874 -4.90567638733 1.87723682488 
1.47877679096 21578 -2.38873782906 26844 -2.06830527309 -4.82412596568 3.48865818276 
2.29151873816 22914 -3.42390992586 24176 -3.32519113886 -4.81287763166 5.29444174751 
2.91983104452 23908 -4.15814425765 22514 -4.15851217402 -4.81006554815 6.56572924339 
3.30700124141 24454 -4.59222636882 21736 -4.69657140107 -4.75663596155 7.35408615386 
3.83986689152 25244 -5.08224109529 20858 -5.39388644803 -4.7847567966 8.34672171032 
4.36209741119 26438 -5.74650371912 20012 -6.25957448769 -4.77350846258 9.55156906406 
4.62470521288 27088 -6.19751123079 19600 -6.98163443806 -4.79038096361 10.4182658436 
4.88183139322 27716 -6.49751116465 19288 -7.41042368964 -4.73695137701 10.9983775325 
4.99975724042 28246 -6.91327331184 18894 -7.88610199914 -4.73413929351 11.6181549778 
4.72333797208 28148 -6.7002018633 19330 -7.77568557383 -4.79881721413 11.298845638 
3.81851867543 26540 -5.47010280287 22188 -6.5204949678 -4.81568971516 9.32844918374 
3.10828846239 25440 -4.66723598229 24386 -5.41794550256 -4.8381863832 7.79735098277 
2.30586373971 24150 -3.75909778097 26710 -4.20109393606 -4.84943471723 6.09073180928 
1.20678260286 22040 -2.31657621736 29574 -2.64828282043 -4.8353742997 3.71971121439 
0.624864386532 20856 -1.33720816654 31284 -1.64941704168 -4.89724013682 2.21340411123 
0.0789120186286 19644 -0.301422201709 33186 -0.438008723386 -4.88036763578 0.537525899031 
-0.0197605037624 19054 -0.00014062938596 33776 -0.0476882222393 -4.82131388217 0.0516203818846 
-0.0140129198572 18924 0.00302860892217 33796 -0.0178092403378 -4.8859918028 0.0228627084208 
0.00107976965079 18902 -0.000115593897113 33738 0.00159355614973 -4.87193138527 -0.00192838939277 
0.0805742393576 18928 -0.0227352173133 33756 0.0966484043306 -4.90286430383 -0.127867166286 
-0.287755683689 18554 0.0511697460596 33850 -0.155929914538 -4.88317971929 0.331263965222 
-0.121361071524 18500 0.00495007322869 33718 -0.0770575901235 -4.86349513475 0.143843265751 
-0.316859767258 18416 -0.0990983492708 33452 -0.144315528905 -4.86630721826 0.362004926511 
-1.84115926452 16482 -1.19174010817 30386 -0.388195851248 -4.93098513888 2.22728712601 
-2.4832068111 15360 -2.94277879811 26834 -0.66288511147 -4.90848847084 3.90713191386 
-2.48708406881 15598 -4.04442065876 23736 -1.24982817231 -4.82693804918 4.90968390944 
-2.73749388408 15404 -4.87023369044 21754 -1.46358110717 -4.88036763578 5.77538904509 
-2.8240046205 15454 -5.45424276176 20576 -1.6063741943 -4.90567638733 6.34855922654 
-3.08078718664 15362 -6.02463168685 19390 -1.66856241172 -4.92817305538 6.9693283158 
-3.48821228844 14802 -6.58727969309 16998 -1.60554404461 -4.96191805744 7.62480494199 
-3.68404504304 14778 -6.8886678875 16614 -1.55380726214 -4.96473014094 7.96493880399 
-3.84968084168 14768 -7.24554650208 16150 -1.57552250389 -4.992850976 8.35465486162 
-4.04186667578 14730 -7.74464443147 15356 -1.63803904371 -4.99003889249 8.88815928657 
-4.27451274678 14228 -8.21688589808 13928 -1.65981479716 -4.992850976 9.40976398457 
-4.5221549477 14182 -8.72587266166 13318 -1.61659455324 -5.02378389456 9.96012635603 
-4.59669508946 14132 -8.90918448704 13120 -1.63428598328 -4.97035430796 10.1574634946 
-4.44930301415 14166 -8.77075539471 13246 -1.59403254823 -4.99847514301 9.96310128777 
-4.02471872251 13952 -7.6373209391 15168 -1.52282766351 -4.97597847497 8.76618708533 
-3.62816921885 13876 -6.59968673967 17838 -1.53110603362 -4.98160264198 7.68529522065 
-2.97397141773 14496 -5.03726624969 21400 -1.32350152181 -4.94504555641 5.9975172815 
-2.27870798136 15742 -3.88389750935 24278 -1.18301247309 -4.88036763578 4.65582306783 
-1.39971785709 17156 -2.42541353418 27616 -0.879924868825 -4.76788429557 2.93532087956 
-0.800126483701 18090 -1.30758129869 30160 -0.634475498018 -4.76226012856 1.65907516412 
-0.0552271720935 18922 -0.0652611611397 32808 -0.0577777043036 -4.6778976234 0.103185865337 
0.018530179559 19146 0.00837863317674 33396 0.0229796737409 -4.6778976234 -0.0306860628566 
0.00702318316944 19108 0.00163115267315 33464 0.0093975636072 -4.70883054196 -0.0118448285182 
0.00462901291161 19106 0.000649688199229 33454 0.00634168849446 -4.72007887598 -0.00787825286804 
0.00353234550009 19104 0.000287703997245 33446 0.00471066603949 -4.70601845845 -0.00589496504295 
0.00602084285949 19104 0.000553452620688 33452 0.00779057933021 -4.72570304299 -0.00986154069313 
0.00236639118863 19100 0.000227836768313 33416 0.00310636472523 -4.73132721 -0.00391167721786 
0.00363393747593 19092 0.000243557324828 33414 0.00463527681031 -4.67227345639 -0.00589496504295 
0.00785813025979 19104 0.000546081893106 33378 0.0101354135511 -4.71164262546 -0.0128364724308 
0.00118187300656 19110 7.31702680243e-05 33406 0.00152200787068 -4.69195804093 -0.00192838939277 
0.00301130746596 19096 0.000195313829316 33402 0.00386476881086 -4.6778976234 -0.00490332113041 

 
