-0.00616765722475 19078 -0.000321114511962 33406 -0.00782843934121 -4.71726679248 0.00997133755776 
-0.00739439730975 19066 -0.000384983827221 33404 -0.00938550712123 -4.68914595742 0.0119546253828 
-0.00739439730975 19072 -0.000384983827221 33400 -0.00938550712123 -4.66946137288 0.0119546253828 
-0.00187406692725 19066 -9.75719085543e-05 33398 -0.00237870211115 -4.66946137288 0.00302983016995 
-0.00494027267974 19064 -0.00025651737919 33406 -0.0062719090567 -4.66664928938 0.00798804973267 
-0.00678014279565 19064 -0.000352050296252 33406 -0.00860771090231 -4.66664928938 0.0109629814703 
-0.00371369260247 19082 -0.000192828767814 33404 -0.0047147078263 -4.70601845845 0.00600476190758 
-0.00494027267974 19046 -0.00025651737919 33404 -0.0062719090567 -4.6778976234 0.00798804973267 
-0.00432698264111 19064 -0.000224673073502 33406 -0.0054933084415 -4.6778976234 0.00699640582013 
-0.00555356271838 19064 -0.000288361684877 33410 -0.00705050967191 -4.72007887598 0.00897969364522 
-0.00309743016407 19072 -0.000161209155559 33402 -0.00393843750986 -4.69195804093 0.00501311799504 
-0.00677364257691 19066 -0.000352541669075 33402 -0.00861280693677 -4.69195804093 0.0109629814703 
-0.00616094050811 19082 -0.000320652916822 33406 -0.00783374536562 -4.69195804093 0.00997133755776 
-0.00616094050811 19064 -0.000320652916822 33404 -0.00783374536562 -4.69758220794 0.00997133755776 
-0.00310224388207 19064 -0.000162642283523 33404 -0.00393458796013 -4.69758220794 0.00501311799504 
-0.00432955242095 19064 -0.000226986761566 33406 -0.00549118814504 -4.66383720587 0.00699640582013 
-0.0049432066904 19056 -0.000259159000587 33414 -0.00626948823749 -4.66383720587 0.00798804973267 
-0.00739782376817 19056 -0.000387847956673 33414 -0.00938268860732 -4.70320637495 0.0119546253828 
-0.00310025001517 19074 -0.000163653944702 33406 -0.00393611728255 -4.69758220794 0.00501311799504 
-0.00371350987818 19072 -0.000196026300228 33396 -0.00471471988999 -4.68914595742 0.00600476190758 
-0.00310025001517 19054 -0.000163653944702 33412 -0.00393611728255 -4.73413929351 0.00501311799504 
-0.00126047042613 19070 -6.65368781251e-05 33396 -0.00160030946025 -4.73413929351 0.0020381862574 
-0.00677980919325 19070 -0.000357888077857 33396 -0.00860773292715 -4.73413929351 0.0109629814703 
-0.00432676974119 19076 -0.000228398655754 33408 -0.00549332249742 -4.71726679248 0.00699640582013 
-0.00555389694246 19070 -0.000292069912556 33422 -0.00705009374978 -4.71726679248 0.00897969364522 
-0.00371391609963 19072 -0.000195308476498 33410 -0.00471442969729 -4.70320637495 0.00600476190758 
-0.00555389694246 19062 -0.000292069912556 33394 -0.00705009374978 -4.70320637495 0.00897969364522 
-0.00555389694246 19074 -0.000292069912556 33404 -0.00705009374978 -4.70320637495 0.00897969364522 
-0.00494384220949 19062 -0.000259879956801 33396 -0.00626895726157 -4.68914595742 0.00798804973267 
-0.00617130853624 19062 -0.000324403435191 33406 -0.00782542561479 -4.68352179041 0.00997133755776 
-0.00494384220949 19074 -0.000259879956801 33402 -0.00626895726157 -4.69477012443 0.00798804973267 
-0.00310264271937 19070 -0.000163094739215 33398 -0.00393425473173 -4.69477012443 0.00501311799504 
-0.00494475328504 19070 -0.000260403818233 33402 -0.00626821691817 -4.66664928938 0.00798804973267 
-0.00617244581532 19058 -0.000325057361913 33402 -0.00782450145755 -4.66664928938 0.00997133755776 
-0.00494475328504 19064 -0.000260403818233 33396 -0.00626821691817 -4.64696470484 0.00798804973267 
-0.00310321448962 19062 -0.000163423502713 33394 -0.00393379010908 -4.71164262546 0.00501311799504 
-0.00617244581532 19062 -0.000325057361913 33384 -0.00782450145755 -4.6750855399 0.00997133755776 
-0.00310275428176 19068 -0.000163009318776 33388 -0.00393417028879 -4.68914595742 0.00501311799504 
-0.00739904090232 19076 -0.000388723214138 33378 -0.00938169259957 -4.68914595742 0.0119546253828 
-0.00310275428176 19058 -0.000163009318776 33386 -0.00393417028879 -4.68914595742 0.00501311799504 
-0.0061715304393 19076 -0.000324233529749 33396 -0.00782525765364 -4.70320637495 0.00997133755776 
-0.00248899905025 19054 -0.000130764476582 33404 -0.00315595281582 -4.71445470897 0.00402147408249 
-0.00494036226773 19054 -0.000256449482228 33404 -0.00627184126539 -4.6778976234 0.00798804973267 
-0.000647254146526 19066 -3.35983439577e-05 33388 -0.00082169586872 -4.6778976234 0.00104654234486 
-0.00494036226773 19060 -0.000256449482228 33412 -0.00627184126539 -4.66664928938 0.00798804973267 
-0.00432706110756 19070 -0.000224613605333 33390 -0.00549324906587 -4.72007887598 0.00699640582013 
-0.00494036226773 19062 -0.000256449482228 33394 -0.00627184126539 -4.68914595742 0.00798804973267 
-0.00187448612639 19074 -9.83837572676e-05 33404 -0.00237833833947 -4.69195804093 0.00302983016995 
-0.00555552958848 19060 -0.000291585980195 33390 -0.00704882731876 -4.70039429144 0.00897969364522 
-0.00371500785744 19068 -0.000194984868731 33398 -0.00471358282911 -4.70039429144 0.00600476190758 
-0.00432851510112 19068 -0.000227185239219 33400 -0.00549199765899 -4.70039429144 0.00699640582013 
-0.00310150061375 19064 -0.000162784498243 33396 -0.00393516799923 -4.70039429144 0.00501311799504 
-0.00678189106691 19062 -0.000351645731807 33402 -0.00860635007155 -4.70039429144 0.0109629814703 
-0.0055549947139 19062 -0.000288030309258 33402 -0.00704939502592 -4.70039429144 0.00897969364522 
-0.00371465018437 19066 -0.000192607175433 33392 -0.00471396245747 -4.66664928938 0.00600476190758 
-0.00494154653739 19060 -0.000256222597983 33402 -0.0062709175031 -4.71164262546 0.00798804973267 
-0.00371465018437 19066 -0.000192607175433 33402 -0.00471396245747 -4.70601845845 0.00600476190758 
-0.00739533924342 19064 -0.000383453443082 33400 -0.00938482759437 -4.70601845845 0.0119546253828 
-0.00371761172318 19064 -0.000196246694975 33398 -0.00471147703774 -4.70039429144 0.00600476190758 
-0.00126186270849 19066 -6.66116863441e-05 33408 -0.00159920874436 -4.68914595742 0.0020381862574 
-0.00433154897684 19070 -0.000228655447133 33398 -0.00548954411109 -4.6750855399 0.00699640582013 
-0.00371761172318 19068 -0.000196246694975 33400 -0.00471147703774 -4.6750855399 0.00600476190758 
-0.00555942348419 19066 -0.000293472951448 33396 -0.00704567825778 -4.6750855399 0.00897969364522 
-0.00432442390051 19062 -0.000223892226382 33400 -0.00549535482016 -4.69195804093 0.00699640582013 
-0.00125978703806 19070 -6.52240694269e-05 33398 -0.00160090151458 -4.69195804093 0.0020381862574 
-0.00125978703806 19064 -6.52240694269e-05 33400 -0.00160090151458 -4.72007887598 0.0020381862574 
-0.00738906076297 19058 -0.000382560383336 33408 -0.00938980812576 -4.69195804093 0.0119546253828 
-0.00371527981823 19060 -0.000194369266559 33396 -0.00471339389689 -4.68352179041 0.00600476190758 
-0.00616948844256 19062 -0.000322764099151 33398 -0.00782692841313 -4.67227345639 0.00997133755776 
-0.00432883197431 19056 -0.000226467974707 33402 -0.00549177752595 -4.67227345639 0.00699640582013 
-0.00248817550607 19074 -0.000130171850264 33410 -0.00315662663876 -4.66102512237 0.00402147408249 
-0.00187462334999 19060 -9.80731421155e-05 33396 -0.0023782430097 -4.70320637495 0.00302983016995 
-0.00555593628648 19060 -0.000290665391003 33396 -0.00704854478407 -4.70320637495 0.00897969364522 
-0.00432883197431 19064 -0.000226467974707 33414 -0.00549177752595 -4.66383720587 0.00699640582013 
-0.00433049087052 19052 -0.000225307082486 33410 -0.00549051727424 -4.68070970691 0.00699640582013 
-0.0031029163071 19074 -0.000161438747074 33404 -0.00393410726268 -4.68070970691 0.00501311799504 
-0.00371670358881 19056 -0.00019337291478 33420 -0.00471231226846 -4.68633387392 0.00600476190758 
-0.00554945328236 19064 -0.000286616831449 33400 -0.00705381577735 -4.6778976234 0.00897969364522 
-0.00493661705623 19062 -0.000254965213101 33408 -0.0062748500629 -4.6778976234 0.00798804973267 
-0.0061622895085 19062 -0.000318268449797 33408 -0.00783278149179 -4.73695137701 0.00997133755776 
-0.00554945328236 19072 -0.000286616831449 33404 -0.00705381577735 -4.69195804093 0.00897969364522 
-0.00493661705623 19070 -0.000254965213101 33410 -0.0062748500629 -4.66664928938 0.00798804973267 
-0.00800079818691 19066 -0.000413223304841 33406 -0.0101696786351 -4.66664928938 0.0129462692954 
-0.00800897986078 19072 -0.000420828673827 33398 -0.0101629244554 -4.65540095536 0.0129462692954 
-0.00494166527639 19078 -0.000259657844184 33394 -0.00627068262884 -4.69195804093 0.00798804973267 
-0.00555512819327 19078 -0.000291892010113 33400 -0.00704913099415 -4.71164262546 0.00897969364522 
-0.00739630339461 19074 -0.000384543302815 33410 -0.00938402315574 -4.70883054196 0.0119546253828 
-0.00371513447377 19060 -0.000193154607745 33400 -0.00471355839107 -4.70883054196 0.00600476190758 
-0.0031016063203 19068 -0.0001612564919 33412 -0.00393514759696 -4.6778976234 0.00501311799504 
-0.00371513447377 19056 -0.000193154607745 33396 -0.00471355839107 -4.6778976234 0.00600476190758 
-0.00678277524114 19070 -0.00035264518697 33382 -0.00860561236162 -4.71164262546 0.0109629814703 
-0.00494219078072 19070 -0.000256950839435 33382 -0.00627037997929 -4.71164262546 0.00798804973267 
-0.00248807816683 19068 -0.000129358376055 33394 -0.00315673680285 -4.72570304299 0.00402147408249 
-0.00494511579723 19072 -0.000259585223703 33396 -0.00626796488465 -4.63290428731 0.00798804973267 
-0.00187565945854 19086 -9.84594699295e-05 33406 -0.00237740997455 -4.69195804093 0.00302983016995 
-0.00494511579723 19068 -0.000259585223703 33398 -0.00626796488465 -4.6778976234 0.00798804973267 
-0.00617289833271 19068 -0.000324035525213 33400 -0.00782418684869 -4.6778976234 0.00997133755776 
-0.00739849869838 19072 -0.000386520938473 33404 -0.00938221117959 -4.69758220794 0.0119546253828 
-0.00555736793236 19072 -0.000290334452465 33404 -0.00704742971104 -4.69758220794 0.00897969364522 
-0.00678478844304 19070 -0.00035445877647 33384 -0.00860395069007 -4.69758220794 0.0109629814703 
-0.00432994742167 19066 -0.000226210128459 33396 -0.005490908732 -4.65540095536 0.00699640582013 
-0.00310441765254 19084 -0.000163696265095 33410 -0.00393282933822 -4.69195804093 0.00501311799504 
-0.00740096936687 19078 -0.000390904167489 33412 -0.00938008072496 -4.70039429144 0.0119546253828 
-0.00371629762174 19066 -0.000194090777244 33404 -0.00471260292446 -4.6778976234 0.00600476190758 
-0.00310035549134 19062 -0.000162126000554 33404 -0.00393609743521 -4.6778976234 0.00501311799504 
-0.00616856186616 19060 -0.000321929710105 33406 -0.00782769304815 -4.68914595742 0.00997133755776 
-0.00494677461567 19060 -0.00026252230482 33412 -0.00626653344943 -4.70601845845 0.00798804973267 
-0.00371535142142 19072 -0.000195629055632 33408 -0.00471328533559 -4.68633387392 0.00600476190758 
-0.00494300480791 19080 -0.00025753568442 33420 -0.00626971429747 -4.68633387392 0.00798804973267 
-0.00432866268545 19060 -0.00022505267942 33416 -0.00549196914111 -4.70883054196 0.00699640582013 
-0.164175867034 19172 0.173735675244 33860 -0.431062066872 -4.68070970691 0.492901922967 
0.280265365203 20194 0.831778110984 35256 -1.25943992151 -4.67227345639 1.53511967505 
1.03480630083 21350 1.00722070788 35478 -2.39247867699 -4.59072303473 2.79450744398 
2.03581635716 23112 1.7207596573 36664 -3.89677342967 -4.5738505337 4.72127156606 
3.16439143136 24854 2.64389680288 38230 -4.82837786647 -4.50354844607 6.34955087045 
3.95527006861 26156 3.51666486567 39998 -5.78666381967 -4.48667594504 7.84197495883 
4.79325759942 27376 4.49997439039 41356 -6.6261540613 -4.41074969039 9.33439904721 
5.1453904843 27902 5.02625911027 41966 -7.16344226779 -4.5204209471 10.1515136312 
5.74463842081 28966 5.7037589754 42664 -7.61986124888 -4.52885719762 11.117374802 
6.21176094789 29668 6.4800949468 43498 -7.96671244772 -4.58228678422 12.001921172 
6.39558820596 29900 7.09598422031 44362 -8.07372326116 -4.55135386566 12.5076595674 
6.27237597311 29582 7.3458446855 44602 -8.03303487802 -4.56822636669 12.5631916265 
5.93723118005 28842 7.79664473648 45226 -7.82926979061 -4.64134053783 12.5433587482 
-0.00476368082621 18554 0.00139426919247 31532 -0.00625877759123 -4.76226012856 0.00798804973267 
-0.00191867916119 18564 0.000457777432018 31534 -0.00229977845843 -4.7847567966 0.00302983016995 
-0.00243232008087 18570 0.000617677311541 31542 -0.00314237928315 -4.75101179454 0.00402147408249 
0.000581499673004 18568 -0.000157930237891 31538 0.000717222604907 -4.73976346052 -0.000936745480232 
-0.00364423062353 18564 0.000975666194443 31544 -0.00467170463603 -4.73413929351 0.00600476190758 
-0.00306560707487 18564 0.000818264065574 31534 -0.00388121749115 -4.77350846258 0.00501311799504 
-0.204528741296 18606 0.169222646215 31666 -0.410596473253 -4.6778976234 0.488935347317 
0.503732384581 19908 1.1197419031 33174 -1.73334103494 -4.70039429144 2.1241561591 
2.2940549219 23120 2.96716515174 37184 -3.56197756655 -4.59915928525 5.17246954626 
3.93118903443 25882 4.53171170566 40066 -5.04263553749 -4.5710384502 7.83701673927 
5.0556211476 27722 5.97330861031 42544 -5.87191424184 -4.48667594504 9.7836137396 
5.44011249209 28332 6.67471312433 43582 -6.56467468201 -4.53448136463 10.8278147795 
5.83015096261 28980 7.64972988672 44864 -7.56369113962 -4.58228678422 12.2359491353 
6.16406303171 29482 8.49616713957 45512 -8.33125295431 -4.71726679248 13.4011307326 
6.1538776251 29432 8.627147415 45556 -8.44560047108 -4.7285151265 13.5508689634 
5.75665304936 28650 8.2302580861 45324 -8.05312119232 -4.72570304299 12.8735761711 
5.08972620077 27584 7.24458352218 43900 -7.1592041881 -4.77069637908 11.3861103023 
4.14873658465 26340 5.67360938563 40796 -5.61203595074 -4.79319304712 8.99426518521 
3.16070671838 25050 4.52847839504 38786 -4.3882051044 -4.76788429557 7.05361804836 
2.12952008499 23460 3.21743186672 36330 -3.18780762788 -4.8381863832 5.00488172504 
1.19903210872 21850 2.02408420175 34216 -2.00645781581 -4.77913262959 3.09200061775 
0.453768733871 20430 0.939635777175 32480 -1.05735525969 -4.79600513062 1.48553747942 
-0.0131205369597 19266 0.0762916430732 31244 -0.109287838286 -4.80725346465 0.133926826626 
0.00768601922465 19010 -0.0040369608008 31094 0.0120105516115 -4.81568971516 -0.0148197602559 
-0.00186599753627 18964 0.000580150090727 31080 -0.00231545890173 -4.7847567966 0.00302983016995 
-0.0062350228493 18958 0.00197590582065 31082 -0.00752647719371 -4.81287763166 0.00997133755776 
0.0118597827959 18960 -0.00354654264354 31068 0.0154251765959 -4.77069637908 -0.0197779798186 
-0.0371855838502 19002 -0.0486186220817 30814 -0.340683737362 -4.75101179454 0.34613862391 
0.958579420431 20206 -0.858304702637 29090 -1.19389799864 -4.68914595742 1.75526462364 
1.81204840068 21464 -1.60111751078 27370 -1.99782810892 -4.72289095949 3.13662459381 
3.09668687452 23692 -2.65489887914 24950 -3.3924591622 -4.6778976234 5.30534983055 
4.28002843493 25622 -3.46714439809 23128 -4.61121185485 -4.56541428319 7.1835234009 
5.18822209603 27732 -4.15450702304 22290 -5.71563285147 -4.55979011618 8.76618708533 
6.13313271752 30216 -5.05157548604 21164 -6.74916413267 -4.54291761514 10.425207351 
6.65405844582 31600 -5.63539539969 20382 -7.51922643872 -4.58228678422 11.514032367 
7.29951552498 32914 -6.15378642639 20072 -8.42144471361 -4.55697803267 12.7307794477 
7.70216300619 33804 -6.3711383609 19922 -8.73138166286 -4.68070970691 13.2722170239 
8.34356573848 35104 -6.87688565723 19462 -9.54476567933 -6.19923479979 14.4225239625 
7.77619082734 34396 -6.67205454386 19804 -8.91183505098 -6.24985230288 13.5796266368 
6.76478933799 32394 -5.87638037281 21216 -7.81653762221 -6.28640938845 11.8908570538 
5.53159761612 29960 -5.01420580048 22882 -6.62857017629 -6.35389939258 9.98392580993 
4.21352071757 27326 -4.03742676116 25160 -5.01614501382 -6.42138939671 7.69521165978 
3.05833649676 25216 -3.27342662045 26696 -3.78794002092 -6.4157652297 5.86662028505 
1.83383744928 22906 -2.34444594014 28510 -2.7536740666 -6.42420148021 4.05488685683 
0.990524205575 21290 -1.47102975951 30148 -1.72955511433 -6.44107398125 2.47718139197 
0.198335087195 19644 -0.481852420746 31864 -0.617851852894 -6.43544981424 0.808244687156 
-0.0277340057335 18936 -0.0437852096794 32556 -0.124565942503 -6.3651477266 0.134918470538 
0.0242445749819 18810 0.000945401630251 32746 0.0337843125193 -6.46638273279 -0.0415941458946 
-0.0397796446202 18718 -0.00196755211622 32746 -0.0429325457866 -6.40732897918 0.0585618892724 
0.057879936682 18728 0.00133118525527 32716 0.0625435323252 -6.43263773073 -0.0852264780465 
0.00500423176024 18720 0.000554834109992 32694 0.00605942999407 -6.44388606475 -0.00787825286804 
0.00432699915613 18724 0.000479249780601 32714 0.00533598921069 -6.44951023176 -0.0068866089555 
0.00373254415036 18708 0.000413350076833 32728 0.00454399259872 -6.42982564723 -0.00589496504295 
-3.50685819376e-05 18720 -3.68629545617e-06 32706 -4.20766402796e-05 -6.4185773132 5.48984323139e-05 
0.00187314125336 18706 0.000202705572449 32708 0.00223088475723 -6.43263773073 -0.00292003330532 
0.00309338572151 18658 0.000462672598081 32800 0.00377616961389 -6.4157652297 -0.00490332113041 
0.000599855117148 18424 5.523511217e-05 32970 0.000717366723197 -6.43544981424 -0.000936745480232 
0.00247982549109 18182 0.000237854558702 33022 0.0030158099077 -6.40170481217 -0.00391167721786 
0.00235707357571 18048 0.000445249244227 32212 0.00308985046984 -6.37639606062 -0.00391167721786 
0.00395904742302 16422 0.000898368546283 29138 0.00556275654359 -6.40732897918 -0.0068866089555 
0.0042531090936 18016 0.000638929009187 32360 0.00537849566934 -6.42982564723 -0.0068866089555 
-0.000647147827605 17406 -0.000104289824054 30980 -0.000815827311022 -6.37358397712 0.00104654234486 
0.0042733758335 17728 0.000563858486132 32478 0.00537081981631 -6.37077189361 -0.0068866089555 
-3.42955479311e-05 17820 -4.37396955007e-06 32534 -4.26441280015e-05 -6.3623356431 5.48984323139e-05 
0.0144116955555 17850 0.00519662325189 32510 0.0181411700946 -6.32015439052 -0.0237445554688 
-0.428252975476 17700 -0.64279000857 31450 -0.309383009465 -6.35108730908 0.832044141057 
-1.07664912128 16494 -3.11758055614 25330 -0.736926879922 -6.33421480804 3.37957735238 
-1.82940361944 15582 -5.40477602302 19848 -1.18113403805 -6.35671147609 5.82695452854 
-1.74863266723 15736 -5.79776360312 19100 -1.58341359961 -6.35952355959 6.25931127441 
-2.02319206314 15804 -6.5816789171 17938 -1.92928095856 -6.38764439465 7.15079915179 
-2.16243581708 15886 -7.39444443631 16986 -2.29013475783 -6.32859064103 8.03732880961 
-2.23829036634 15988 -7.84617194982 16110 -2.45407052225 -6.38202022763 8.52025939501 
-2.32223276232 16076 -8.24244719787 15676 -2.88082025058 -6.38483231114 9.03492258563 
-2.30040026805 16088 -8.13209288929 15710 -2.89035038828 -6.37639606062 8.93179161872 
-2.44398833287 16124 -8.745450776 15606 -3.32046832025 -6.3651477266 9.66858304574 
-2.34443807494 16398 -8.65330109918 14448 -3.67017429858 -6.37639606062 9.68742428008 
-2.4670603913 16440 -9.0714519214 12580 -3.26324770242 -6.37920814413 9.95120156082 
-2.45795533712 16476 -9.29420224074 12416 -3.44696075542 -6.43544981424 10.2129955537 
-1.96821813958 16096 -7.88009449529 15808 -2.89117416243 -6.4157652297 8.62140707409 
-1.68498314308 16168 -7.08633128743 18324 -2.67241603576 -6.37920814413 7.75867687018 
-1.30870399243 16866 -5.66753287861 22136 -2.22743194634 -6.3623356431 6.22857031312 
-0.945616816459 17552 -4.01450188344 25738 -1.73220622729 -6.31171814 4.47336058792 
-0.461768408854 18246 -1.47691287356 30568 -0.686323439533 -6.26953688742 1.69279105715 
-0.0689144030264 18904 -0.0856507118923 33104 -0.0832427234004 -6.17955021525 0.137893402276 
-0.122792649166 18926 -0.174790780181 33040 -0.10947994188 -6.17392604824 0.240032725268 
-1.65762503018 16404 -3.58623696979 25252 -0.627658592702 -6.18798646577 4.00034644164 
-2.95193893271 14408 -5.52587686521 20416 -0.776494278555 -6.3089060565 6.31286004569 
-3.84053781296 13176 -6.59720887348 18016 -0.523230918255 -6.22454355134 7.65157932763 
-4.62206898734 12148 -7.79338538633 15690 -0.223433066923 -6.30609397299 9.06368025909 
-5.20723355116 11622 -8.7076828107 14076 -0.306717174649 -6.34546314207 10.1505219872 
-5.31032366055 11522 -8.92420611056 13796 -0.716511673732 -6.42138939671 10.4093410484 
-4.07296209822 11854 -7.00245709401 18234 -0.958335446123 -6.35108730908 8.15731772302 
-3.04368283701 13696 -5.11868425288 22944 -0.902889515303 -6.26110063691 6.02330002323 
-2.17884224587 15272 -3.73401767095 26208 -0.970070786106 -6.08393937607 4.43071989968 
-1.69628836941 16342 -2.89224726771 28392 -1.02281711116 -6.14299312968 3.50551612928 
-1.02807717853 17622 -1.75949617231 30838 -0.724613910148 -6.06987895854 2.16283027169 
-0.305022023366 18712 -0.496253794441 32708 -0.236705041328 -5.9939527039 0.628757138986 
0.00559074952787 19306 0.000382946366166 34200 0.00811460760848 -5.98832853689 -0.00986154069313 
0.00705850693811 19298 0.00249562727434 34094 0.00917874103231 -5.97145603586 -0.0118448285182 
0.0082516634001 19294 0.00372011165352 34038 0.0104540720306 -5.96583186884 -0.0138281163433 
0.00514161258027 19310 0.00194677512907 34058 0.00696052839729 -5.93208686678 -0.00886989678058 
0.00882876222773 19280 0.00361389521614 34024 0.0113409881815 -5.98832853689 -0.0148197602559 
0.0075584457733 19282 0.00296109889005 34034 0.00994368218122 -5.90959019874 -0.0128364724308 
0.00866362920468 19290 0.00334922852605 34002 0.0115477050242 -5.96301978534 -0.0148197602559 
0.00642428202353 19296 0.00256108684778 34016 0.00836427227708 -5.97426811936 -0.0108531846057 
0.00460599008367 19280 0.00181373905657 34014 0.00612879060147 -5.96020770183 -0.00787825286804 
0.0081231954153 19310 0.00318653376087 34006 0.0107273715532 -5.96583186884 -0.0138281163433 
0.00755781682334 19290 0.00298086381505 34008 0.00993825338008 -5.98270436988 -0.0128364724308 
0.00759617696609 19282 0.00304058682424 33998 0.00989080136945 -5.9967647874 -0.0128364724308 

 
