-0.00283846149514 19276 -0.00137090734775 33942 -0.00389808945724 -5.93771103379 0.00501311799504 
-0.00283846149514 19280 -0.00137090734775 33916 -0.00389808945724 -5.9939527039 0.00501311799504 
-0.00227791155984 19276 -0.00110088291456 33938 -0.00312592858686 -5.98551645338 0.00402147408249 
-3.10965011883e-05 19286 -1.50285056998e-05 33926 -4.26730535678e-05 -5.9939527039 5.48984323139e-05 
-0.00620983791248 19284 -0.00300112813006 33932 -0.00852162577011 -5.98832853689 0.0109629814703 
-0.00171756040243 19284 -0.00082994401022 33928 -0.00235394351305 -5.97145603586 0.00302983016995 
-0.00396614625968 19284 -0.00191648534003 33936 -0.00543566575391 -5.97426811936 0.00699640582013 
-0.00059326747381 19292 -0.000286673345316 33922 -0.000813082392619 -5.97426811936 0.00104654234486 
-0.00340399979537 19292 -0.00164485000758 33922 -0.00466523519369 -5.97426811936 0.00600476190758 
-0.00284185333106 19292 -0.00137321467512 33928 -0.00389480463348 -5.97426811936 0.00501311799504 
-0.00115541393812 19276 -0.000558308677768 33932 -0.00158351295283 -5.96020770183 0.0020381862574 
0.00053057364668 19296 0.000256100266777 33924 0.000728283154783 -5.98551645338 -0.000936745480232 
-0.00171609906427 19278 -0.000828336331681 33920 -0.00235557504273 -5.98270436988 0.00302983016995 
-0.00396277177523 19286 -0.00191277293014 33930 -0.00543943324024 -5.94614728431 0.00699640582013 
-0.00283943541975 19290 -0.00137055463091 33912 -0.00389750414149 -5.96583186884 0.00501311799504 
-3.11267906032e-05 19292 -1.50506283642e-05 33928 -4.26431631461e-05 -5.99114062039 5.48984323139e-05 
-0.000593377680433 19280 -0.000286913837719 33918 -0.000812917128417 -5.97989228637 0.00104654234486 
-0.00621588657872 19292 -0.00300554593126 33930 -0.00851565678112 -5.97426811936 0.0109629814703 
-0.00115562857026 19284 -0.000558777047073 33926 -0.00158319109369 -5.98270436988 0.0020381862574 
-0.00284238123975 19276 -0.00137436667513 33922 -0.0038940129895 -6.00238895441 0.00501311799504 
-0.00452913390924 19288 -0.0021899563032 33914 -0.00620483488531 -5.9939527039 0.00798804973267 
-0.000593377680433 19288 -0.000286913837719 33926 -0.000812917128417 -5.96020770183 0.00104654234486 
-0.00171560598942 19286 -0.000830789643461 33922 -0.00235507017222 -5.96020770183 0.00302983016995 
-0.00396163317947 19284 -0.00191843805454 33914 -0.00543826740627 -5.96020770183 0.00699640582013 
-0.00283861958445 19278 -0.001374613849 33918 -0.00389666878925 -6.00520103792 0.00501311799504 
-0.00284126600295 19288 -0.00137006209251 33916 -0.00389634307977 -6.00520103792 0.00501311799504 
-0.00508938714316 19286 -0.00245410897526 33934 -0.0069792825997 -5.95458353482 0.00897969364522 
-0.00452735685811 19284 -0.00218309725457 33920 -0.00620854771972 -5.96583186884 0.00798804973267 
-0.00508938714316 19278 -0.00245410897526 33920 -0.0069792825997 -5.9939527039 0.00897969364522 
-0.00171720543285 19278 -0.000828038651135 33930 -0.00235487331981 -5.99114062039 0.00302983016995 
-0.0022792357179 19276 -0.00109905037182 33922 -0.00312560819979 -5.98270436988 0.00402147408249 
-0.00228094836286 19282 -0.00110459214017 33918 -0.003122403652 -5.95739561833 0.00402147408249 
-0.00228094836286 19298 -0.00110459214017 33920 -0.003122403652 -5.94614728431 0.00402147408249 
-0.00171849576153 19268 -0.000832213890507 33926 -0.00235245897238 -5.95458353482 0.00302983016995 
-0.00171849576153 19268 -0.000832213890507 33926 -0.00235245897238 -5.92927478328 0.00302983016995 
-0.00283769295874 19274 -0.00137114199347 33920 -0.00389856644651 -5.97708020287 0.00501311799504 
-0.00283769295874 19282 -0.00137114199347 33922 -0.00389856644651 -5.98270436988 0.00501311799504 
-0.0033990164606 19280 -0.00164236732916 33920 -0.00466974113024 -5.98270436988 0.00600476190758 
-0.0033990164606 19288 -0.00164236732916 33926 -0.00466974113024 -5.98551645338 0.00600476190758 
-0.00171504595502 19272 -0.000828691322087 33916 -0.00235621707905 -5.96020770183 0.00302983016995 
-0.00452166346431 19282 -0.00218481800053 33930 -0.00621209049771 -6.00801312142 0.00798804973267 
-0.00452454114896 19274 -0.00218707671326 33928 -0.00620919973695 -5.97145603586 0.00798804973267 
-3.10952265359e-05 19274 -1.50308381803e-05 33928 -4.26731608953e-05 -5.97145603586 5.48984323139e-05 
-0.00283949892805 19280 -0.0013725595101 33924 -0.00389675227093 -5.92646269977 0.00501311799504 
-0.00115445670714 19284 -0.00055804230695 33930 -0.00158430480491 -5.92646269977 0.0020381862574 
-0.00339920007504 19278 -0.00164680262422 33938 -0.00466804515118 -5.94895936781 0.00600476190758 
-3.10771281381e-05 19274 -1.50558646273e-05 33922 -4.26775223921e-05 -5.9967647874 5.48984323139e-05 
-0.00339920007504 19284 -0.00164680262422 33916 -0.00466804515118 -5.96020770183 0.00600476190758 
-0.00283784625055 19268 -0.00137484483095 33920 -0.00389715054638 -5.99114062039 0.00501311799504 
-0.00227649242607 19272 -0.00110288703769 33916 -0.00312625594159 -5.99114062039 0.00402147408249 
-0.00339920007504 19278 -0.00164680262422 33920 -0.00466804515118 -5.93489895029 0.00600476190758 
-0.00227881498662 19276 -0.00110356896332 33920 -0.00312432258196 -6.00520103792 0.00402147408249 
-0.00227881498662 19276 -0.00110356896332 33920 -0.00312432258196 -5.97708020287 0.00402147408249 
-0.00340266806285 19272 -0.00164782085807 33920 -0.0046651583082 -5.97989228637 0.00600476190758 
-0.00396459460096 19272 -0.00191994680545 33920 -0.00543557617131 -5.97989228637 0.00699640582013 
-0.00620551849889 19272 -0.00300684789234 33938 -0.00852275592931 -5.95739561833 0.0109629814703 
-3.10748712115e-05 19286 -1.5057148089e-05 33922 -4.26787129742e-05 -5.95739561833 5.48984323139e-05 
-0.00227632709946 19274 -0.00110298105509 33910 -0.00312634315528 -5.96301978534 0.00402147408249 
-0.000592387928273 19274 -0.000287038124839 33910 -0.000813594823551 -5.96020770183 0.00104654234486 
0.00053023818585 19278 0.000256923828661 33932 0.000728237397602 -6.00520103792 -0.000936745480232 
-0.00171501404239 19296 -0.000831000078339 33924 -0.0023554270447 -5.95177145132 0.00302983016995 
-0.00115467169546 19296 -0.000558511046242 33924 -0.00158398292504 -5.95177145132 0.0020381862574 
-0.00396359839101 19278 -0.00191718000273 33940 -0.00543727900993 -5.92083853276 0.00699640582013 
-0.00508716906923 19284 -0.00246064758532 33920 -0.00697859744389 -5.93771103379 0.00897969364522 
-0.00396552484413 19268 -0.00191858624547 33922 -0.00543537799322 -5.93771103379 0.00699640582013 
-0.00677581678031 19292 -0.00327825177941 33942 -0.00928732686378 -5.96301978534 0.0119546253828 
-0.00227934968241 19286 -0.00110278692511 33934 -0.00312420867089 -5.97426811936 0.00402147408249 
-0.00227934968241 19282 -0.00110278692511 33928 -0.00312420867089 -5.97708020287 0.00402147408249 
-0.000593174520699 19290 -0.000286987604746 33928 -0.000813039348555 -5.97708020287 0.00104654234486 
-0.00171656918142 19300 -0.000830746551476 33928 -0.00235438341638 -5.97989228637 0.00302983016995 
-0.00284021326953 19300 -0.00137454254956 33928 -0.00389553249187 -5.97145603586 0.00501311799504 
-0.00508750144576 19292 -0.00246213454571 33924 -0.00697783064284 -5.97426811936 0.00897969364522 
-0.00227839122548 19286 -0.00110264455052 33922 -0.00312495795412 -5.97426811936 0.00402147408249 
-0.0045256794017 19282 -0.00219023654667 33930 -0.0062072561051 -5.9967647874 0.00798804973267 
-0.00227805154945 19266 -0.00110231688484 33922 -0.00312532117063 -5.9967647874 0.00402147408249 
-3.10984122313e-05 19266 -1.5048081288e-05 33922 -4.26647615341e-05 -5.9967647874 5.48984323139e-05 
-0.00340152811806 19280 -0.00164595128662 33928 -0.00466664937518 -5.94895936781 0.00600476190758 
-0.00115457498084 19278 -0.000558682483064 33932 -0.00158399296608 -5.96020770183 0.0020381862574 
-0.00115457498084 19294 -0.000558682483064 33930 -0.00158399296608 -5.96020770183 0.0020381862574 
-0.00227805154945 19272 -0.00110231688484 33924 -0.00312532117063 -5.96020770183 0.00402147408249 
-0.00396385735764 19288 -0.00191833854763 33924 -0.00543668156735 -5.93489895029 0.00699640582013 
-0.00227839122548 19286 -0.00110264455052 33924 -0.00312495795412 -5.93489895029 0.00402147408249 
-0.00284021326953 19296 -0.00137454254956 33934 -0.00389553249187 -5.96020770183 0.00501311799504 
-0.00115474713737 19296 -0.000558848552437 33934 -0.00158380887864 -5.99114062039 0.0020381862574 
-0.00171509120635 19282 -0.0008302926262 33924 -0.00235562033603 -5.96864395235 0.00302983016995 
-0.00171509120635 19282 -0.0008302926262 33918 -0.00235562033603 -5.96020770183 0.00302983016995 
-0.00227642951867 19294 -0.00110204205842 33936 -0.00312659970961 -5.9939527039 0.00402147408249 
-0.000592414581696 19288 -0.000286793761763 33938 -0.000813661588863 -5.97708020287 0.00104654234486 
-0.00171509120635 19292 -0.0008302926262 33920 -0.00235562033603 -5.97708020287 0.00302983016995 
-3.10845571874e-05 19294 -1.50347042531e-05 33926 -4.26795717294e-05 -5.95739561833 5.48984323139e-05 
-0.00452298869504 19292 -0.00218763924993 33916 -0.00621013255159 -5.95739561833 0.00798804973267 
-0.00396150067781 19290 -0.00191606368172 33920 -0.0054392009291 -5.95458353482 0.00699640582013 
0.00109189147728 19298 0.000528116432166 33920 0.00149918367323 -5.98270436988 -0.00192838939277 
-0.00059257257442 19296 -0.000286610272463 33922 -0.000813611194212 -5.95739561833 0.00104654234486 
-0.0028365857896 19300 -0.00137266054873 33934 -0.00389883778944 -5.95739561833 0.00501311799504 
-3.10633248862e-05 19268 -1.50319446498e-05 33916 -4.26959993159e-05 -5.95739561833 5.48984323139e-05 
-0.00115327231077 19296 -0.000558083386282 33932 -0.00158515271537 -6.00238895441 0.0020381862574 
-0.00171437680371 19284 -0.000829609107098 33928 -0.00235638107339 -6.00238895441 0.00302983016995 
-0.00227548129665 19292 -0.00110113482791 33944 -0.00312760943142 -5.96020770183 0.00402147408249 
-0.00171437680371 19290 -0.000829609107098 33932 -0.00235638107339 -5.95177145132 0.00302983016995 
-0.00340137536849 19282 -0.00164735346367 33928 -0.00466626593061 -5.95177145132 0.00600476190758 
-0.00171574163925 19280 -0.000833661348942 33930 -0.00235395629555 -5.95739561833 0.00302983016995 
-0.00115382361612 19292 -0.000561380540841 33920 -0.00158358648994 -5.96864395235 0.0020381862574 
-0.00227503237294 19278 -0.00111135665447 33928 -0.00312431878732 -5.98551645338 0.00402147408249 
-0.00395550815498 19306 -0.00193018225685 33932 -0.00543857022489 -5.98270436988 0.00699640582013 
-0.0590826097566 19272 -0.0278030794178 33932 -0.0798971639332 -5.96301978534 0.103185865337 
-0.16461583423 19464 0.0502384956304 34774 -1.02796400652 -5.97145603586 1.04227265052 
0.177930484376 20118 0.364494159855 35736 -1.36300194001 -5.92927478328 1.42207226902 
0.619535747846 20792 0.760285388496 36290 -1.67350470198 -5.92365061626 1.93971039137 
1.04173199535 21558 1.21253292733 36872 -2.17381652751 -5.90677811523 2.69831798447 
2.05579614201 23152 2.19309162796 38312 -3.50197165488 -5.81679144306 4.61516566741 
2.96374518526 24446 3.41814188609 40200 -4.53124768087 -5.81960352657 6.40309964173 
3.44751339784 24998 4.28239519497 41652 -5.62687754939 -5.72680477089 7.86676605665 
3.78342091877 25362 5.01963764048 42632 -6.20235733398 -5.783046441 8.83064393964 
4.19286012413 25876 5.53415797983 43538 -6.75567973013 -5.71836852038 9.68742428008 
4.49129972669 26256 5.87650689027 43938 -7.17724597445 -5.76336185646 10.3062100815 
4.79683471275 26754 6.39518255031 44656 -7.82677917286 -5.71555643687 11.1877815198 
4.99500909184 27014 6.68450214169 44820 -8.20171401542 -5.74086518842 11.7004614225 
5.11728176087 27216 7.07053434808 45278 -8.49466746103 -5.72680477089 12.1794254323 
5.31652406472 27230 7.4464470874 45450 -8.92315198669 -5.73805310491 12.7803616433 
5.38548364923 27342 7.90273995104 45660 -9.40209834937 -5.78023435749 13.4110471717 
5.24528051514 27012 7.81121714527 45564 -9.52035833816 -5.84210019461 13.38526443 
5.16099312102 26868 7.66851568242 45456 -9.42163852383 -5.88428144719 13.1988353744 
4.97737603378 26544 7.29537063151 45130 -9.20918469318 -5.84772436162 12.7595371211 
4.73014985139 26164 6.82689152887 44482 -8.87979788782 -5.91240228224 12.1586009101 
4.34645070398 25744 6.14946758071 43160 -8.35693381252 -5.89271769771 11.2492634423 
3.8349506583 25130 5.31954912136 41284 -7.53875295357 -5.84210019461 9.99185896123 
3.4785357701 24626 4.91015465377 40394 -7.18124838432 -5.84491227812 9.36910658415 
3.07347822353 24084 4.27937723409 39240 -6.63652337728 -5.85053644513 8.47365213113 
2.46332514954 23246 3.45752479341 37884 -5.76164976184 -5.92927478328 7.15674901527 
1.65764327424 22082 2.27607741639 35796 -4.14129432241 -5.88146936368 5.00785665678 
1.11956663078 21208 1.42921597992 34362 -2.91847879308 -5.91521436575 3.43709269931 
0.730021121463 20590 0.913181167566 33410 -2.12187620275 -5.92646269977 2.42264097678 
0.348716985546 19986 0.529353031918 32688 -1.41879397359 -5.96020770183 1.55396090939 
0.0202026224195 19314 0.133063221202 31888 -0.437981881587 -5.93771103379 0.458194386028 
-0.0322837360289 18912 0.00761155015725 31604 -0.0655190908712 -5.91802644925 0.0734365479606 
-0.000551121613736 18880 -3.50212347191e-05 31554 -0.000888982204307 -5.91802644925 0.00104654234486 
0.000497842065783 18896 -2.12278770838e-06 31564 0.000793499127942 -5.92927478328 -0.000936745480232 
-0.000554344141866 18866 8.63026880401e-06 31576 -0.000887625467426 -5.90115394822 0.00104654234486 
-0.0017197090062 18872 -8.10747815313e-05 31588 -0.00249317040583 -5.91240228224 0.00302983016995 
-2.99850238745e-05 18788 -1.99421036599e-06 31350 -4.59430009771e-05 -5.92927478328 5.48984323139e-05 
-0.00299879850348 17282 -0.000207169224012 29098 -0.00401193724781 -5.97145603586 0.00501311799504 
-0.00181041113492 15238 0.000134819794502 30820 -0.00242571762666 -5.95177145132 0.00302983016995 
-0.00360423684605 15712 5.28576235992e-05 30154 -0.0048024835654 -5.92646269977 0.00600476190758 
-0.000633775567041 16652 -9.58751816357e-06 32184 -0.000832758962546 -5.95177145132 0.00104654234486 
-0.00708024191599 17350 0.000267751452133 31750 -0.00962868379454 -5.90396603173 0.0119546253828 
-0.00184123488407 18036 6.90377749177e-05 31944 -0.00240519411816 -5.85616061214 0.00302983016995 
-0.00246245978649 18046 7.50843489435e-05 31970 -0.00317850718682 -5.88428144719 0.00402147408249 
-0.00785146575773 18068 0.000237699637921 31986 -0.0102909607426 -5.86459686265 0.0129462692954 
-0.114112336257 18182 -0.0791977115362 31824 -0.385332840912 -5.83366394409 0.409603834313 
0.0406527276122 18730 -0.780558978103 30444 -1.3819524834 -5.76898602347 1.58767680242 
0.350048102434 19102 -0.99978211229 29916 -1.5293500662 -5.75773768945 1.86037887837 
1.00361088229 20168 -1.5524648294 28758 -2.67022473222 -5.82241561007 3.24768871202 
2.02660384373 21816 -2.01329267541 27830 -4.22975368325 -5.75211352244 5.1040461163 
2.56141455325 22622 -2.44844044866 26836 -5.15375853048 -5.70993226986 6.25435305485 
3.04533134921 23442 -2.73494659231 25956 -5.86827885545 -5.6761872678 7.15476572744 
3.32432371863 24198 -3.21241468026 24842 -6.51652113014 -5.69024768532 7.9897299018 
3.63823619648 24730 -3.59329400427 24050 -7.16899712996 -5.65087851625 8.80585284183 
4.01080457627 25198 -3.64234613304 23894 -8.00322265166 -5.71555643687 9.66461647009 
4.33875504814 25812 -3.87640389316 23456 -8.95731869576 -5.65650268326 10.6810514804 
4.63085736841 26894 -4.10426948635 23860 -10.0679122437 -5.74648935543 11.8174754042 
4.58658125613 27056 -4.39433844703 23362 -10.5993760865 -5.81679144306 12.3569296926 
4.5770571888 27108 -4.40924131887 23568 -11.0080561941 -5.98551645338 12.7109465694 
4.48180096348 27078 -4.40956617105 23586 -10.9705391434 -6.03613395648 12.6445064273 
3.97847067467 26474 -3.88618544931 24760 -9.89905180469 -6.050194374 11.3543776971 
3.21549853413 25418 -3.22026824015 26318 -8.25653313188 -6.09237562658 9.42761357499 
2.65560161103 24466 -2.68647701715 27570 -7.37399617983 -6.08956354308 8.28523978774 
1.78347467561 23022 -2.04521074888 29024 -5.46722479868 -6.13174479566 6.10362318014 
0.936757912572 21406 -1.24588469924 30744 -3.00086792326 -6.16548979772 3.38156064021 
0.130315138761 19588 -0.293408999992 32530 -0.58627492744 -6.18517438226 0.668422895487 
-0.00373048721496 18850 -3.6012643128e-05 31782 -0.0059187720541 0.355731851153 0.00699640582013 
-0.00374036211405 18860 -3.96652257649e-05 31770 -0.00591251319876 0.319174765584 0.00699640582013 
-0.00320212907555 18860 -2.89603800831e-05 31770 -0.00507963544427 0.321986849089 0.00600476190758 
-0.0010881356942 18856 -1.04036983922e-05 31796 -0.00172338495234 0.299490181046 0.0020381862574 
-0.00214877970633 18850 -1.97121326273e-05 31770 -0.00339920740786 0.316362682078 0.00402147408249 
-0.0010808080508 18846 6.69749758933e-06 31766 -0.00172800819464 0.330423099605 0.0020381862574 
-0.148237592726 18738 -0.0550441824493 31678 -0.164439712365 0.307926431562 0.228132998318 
-0.140894187949 18446 -0.318155048381 30820 -0.467953228628 0.265745178982 0.583141519008 
0.106633108511 19064 -0.370456722845 31036 -0.344051608812 0.33323518311 0.516701376868 
-0.169638391129 18956 -0.600882925038 30156 -0.316828426436 0.285429763519 0.700155500689 
-1.38835746371 16656 -1.94769846189 27440 -0.699483819764 0.29105393053 2.49205605066 
-2.84860334697 14382 -4.26554018131 23892 -0.602546353519 0.215127675886 5.16453639496 
-3.06216324759 14056 -4.95438043319 23028 -0.906124050039 0.226376009907 5.8943863146 
-3.5039282417 13606 -5.78913504168 21756 -0.907455722573 0.147637671758 6.8275232363 
-3.72311246798 13424 -6.56842024652 20274 -0.786715936733 0.181382673822 7.59108904896 
-4.00104435639 13306 -7.22108753848 18816 -0.859906183003 0.12232892021 8.30011444643 
-4.5812163956 12658 -8.15892302329 16880 -0.936029626037 0.0660872501032 9.40381412109 
-5.35828576838 11726 -8.76123294967 15406 -0.582345939909 0.0351543315445 10.2863772033 
-5.69942551988 11474 -9.20427314088 14562 -0.435716063365 -0.0435840066049 10.8347562869 
-5.77889420196 11454 -9.53702306588 14364 -0.756354853166 -0.113886094238 11.1768734367 
-5.10168321183 11492 -8.48044115866 15580 -0.828872770554 -0.052020257121 9.93136868257 
-4.14497527672 12326 -6.56255437061 20218 -0.688073443932 -0.0548323406263 7.79239276321 
-3.52726203014 13160 -5.37478374641 22688 -0.706688955367 -0.0154631715516 6.46755649605 
-2.89662441961 14254 -4.22947673192 25294 -0.576288598509 0.0576509995872 5.15858653149 
-2.1537850008 15420 -3.06091142992 27882 -0.509383827782 0.0913960016512 3.77722656131 
-1.4185357821 16612 -2.08317962939 30250 -0.524843904714 0.113892669694 2.5743624954 
-0.347788996714 18470 -0.50642834009 33550 -0.217048457377 0.203879341865 0.651564948974 
-0.0570684858905 19228 -0.0305610956685 34796 -0.0828840040449 0.226376009907 0.105169153162 
0.000490214096728 19252 0.000163851147005 34856 0.000781239422794 0.24887267795 -0.000936745480232 
-0.00108793879684 19226 -0.000312833911858 34844 -0.00169491219177 0.215127675886 0.0020381862574 
-0.00270288607552 19224 -0.000697014516249 34834 -0.00416412411667 0.195443091349 0.00501311799504 
-2.96671869678e-05 19230 -6.33341169738e-06 34846 -4.57556967405e-05 0.217939759391 5.48984323139e-05 
-0.00164038199235 19232 -0.000324379281273 34830 -0.00252661747397 0.201067258359 0.00302983016995 
0.00319367794823 19242 0.000599654797076 34812 0.00491848026782 0.203879341865 -0.00589496504295 
-0.00380623316103 19248 -0.000675142442399 34824 -0.00583150634109 0.212315592381 0.00699640582013 

 
