0.00103594321747 18976 0.000154497255895 33070 0.00161914727504 -0.0379598395943 -0.00192838939277 
0.00103594321747 18976 0.000154497255895 33070 0.00161914727504 -0.0379598395943 -0.00192838939277 
-2.94917918645e-05 18980 -4.39831144956e-06 33068 -4.60947604347e-05 -0.0435840066049 5.48984323139e-05 
0.000504441981114 18970 7.40999410412e-05 33074 0.000785836866762 -0.0323356725836 -0.000936745480232 
-0.00323359338978 18980 -0.000474998292181 33080 -0.00503740170909 -0.0323356725836 0.00600476190758 
-0.000563568124855 18958 -8.27852684509e-05 33066 -0.000877945583484 -0.00421483753023 0.00104654234486 
-0.000563568124855 18978 -8.27852684509e-05 33058 -0.000877945583484 -0.068892758153 0.00104654234486 
-0.000563568124855 18974 -8.27852684509e-05 33066 -0.000877945583484 0.0126576635018 0.00104654234486 
-2.95630718705e-05 18968 -4.34266370488e-06 33056 -4.6054358361e-05 0.0126576635018 5.48984323139e-05 
-0.00109955665466 18960 -0.00016076329039 33068 -0.00170860573203 -0.0182752550569 0.0020381862574 
-0.00430937712852 18972 -0.00063006271098 33066 -0.00669635932997 -0.0295235890783 0.00798804973267 
-0.00109955665466 18970 -0.00016076329039 33068 -0.00170860573203 -0.0098390045409 0.0020381862574 
0.000505353582269 18966 7.38864199053e-05 33072 0.000785271066942 -0.0098390045409 -0.000936745480232 
-2.96164967072e-05 18964 -4.33015019307e-06 33062 -4.60211993827e-05 -0.0098390045409 5.48984323139e-05 
-0.00430445997411 18960 -0.000620005478946 33058 -0.00670045939238 -0.052020257121 0.00798804973267 
-0.00109830202094 18974 -0.000158197143107 33072 -0.00170965188111 -0.052020257121 0.0020381862574 
0.000504776955644 18974 7.27070248131e-05 33058 0.00078575187453 -0.0098390045409 -0.000936745480232 
-2.95827032186e-05 18976 -4.2610311602e-06 33058 -4.60493773493e-05 -0.0098390045409 5.48984323139e-05 
-0.00216702133867 18964 -0.000312133255053 33068 -0.00337325438487 -0.0098390045409 0.00402147408249 
-0.000564518369878 18976 -8.30849540751e-05 33052 -0.000877306548511 -0.00140275402489 0.00104654234486 
-0.00163432927196 18972 -0.00024053809362 33076 -0.00253987797248 -0.0435840066049 0.00302983016995 
-0.00270414017404 18980 -0.000397991233166 33076 -0.00420244939644 -0.0435840066049 0.00501311799504 
0.00157510343428 18982 0.000231821325016 33070 0.00244783629942 -0.0351477560889 -0.00292003330532 
0.00157245214049 18964 0.000230985123659 33066 0.00244961928525 -0.00140275402489 -0.00292003330532 
-0.00269958842849 18966 -0.000396555641298 33066 -0.00420551042946 -0.00140275402489 0.00501311799504 
-0.00109757321512 18972 -0.000161227854439 33060 -0.00170983678644 -0.00140275402489 0.0020381862574 
-0.00109757321512 18986 -0.000161227854439 33054 -0.00170983678644 -0.0492081736156 0.0020381862574 
-0.00323359349961 18980 -0.000474998236918 33066 -0.0050374016438 -0.0238994220676 0.00600476190758 
-0.00269958842849 18976 -0.000396555641298 33058 -0.00420551042946 -0.0238994220676 0.00501311799504 
0.00103587499356 18974 0.000155322915876 33064 0.00161911192933 -0.0295235890783 -0.00192838939277 
-0.00269290195759 18976 -0.000403783648436 33058 -0.004209107963 -0.0238994220676 0.00501311799504 
0.000503192571964 18964 7.54505495459e-05 33072 0.000786509087568 -0.0238994220676 -0.000936745480232 
-0.002160219536 18978 -0.000323911282106 33058 -0.00337650512124 -0.0238994220676 0.00402147408249 
0.00050169365993 18980 7.48746630524e-05 33072 0.000787521016325 -0.0182752550569 -0.000936745480232 
-0.00321597599561 18972 -0.000479964445015 33072 -0.0050481975094 -0.00140275402489 0.00600476190758 
-0.00268488033053 18968 -0.000400701715291 33038 -0.0042145234343 0.00140932948045 0.00501311799504 
-0.00215378466546 18968 -0.000321438985567 33038 -0.00338084935919 -0.0098390045409 0.00402147408249 
-0.0010915933353 18980 -0.00016291352612 33076 -0.00171350120899 -0.0267115055729 0.0020381862574 
-0.0010915933353 18974 -0.00016291352612 33070 -0.00171350120899 -0.0267115055729 0.0020381862574 
-0.00162146597978 18978 -0.000243847099509 33066 -0.00254779463992 -0.0210873385622 0.00302983016995 
-0.00109077060147 18972 -0.000164037513408 33068 -0.00171391785364 -0.0379598395943 0.0020381862574 
-0.00162146597978 18972 -0.000243847099509 33074 -0.00254779463992 -0.0154631715516 0.00302983016995 
-0.00533633362792 18974 -0.000802514202217 33064 -0.00838493214389 -0.0632685911423 0.00997133755776 
-0.00268291713227 18982 -0.000404109925647 33052 -0.00421544812108 -0.0210873385622 0.00501311799504 
-0.00268291713227 18976 -0.000404109925647 33066 -0.00421544812108 -0.0154631715516 0.00501311799504 
-0.00162150248186 18974 -0.000244236111321 33060 -0.00254773414664 -0.0463960901103 0.00302983016995 
-0.00109079515666 18978 -0.000164299204158 33070 -0.00171387715942 -0.0267115055729 0.0020381862574 
0.00156274146936 18972 0.000235385331657 33072 0.00245540777667 -0.0238994220676 -0.00292003330532 
-0.000560087831456 18976 -8.43622969949e-05 33060 -0.000880020172203 -0.0154631715516 0.00104654234486 
-0.00109054393503 18972 -0.000160794274027 33064 -0.001714369373 -0.0154631715516 0.0020381862574 
-0.00162112903274 18990 -0.000239025918673 33064 -0.00254846583813 -0.0126510880462 0.00302983016995 
-2.93737396105e-05 18958 -4.33098473561e-06 33072 -4.61764427282e-05 0.00422141298578 5.48984323139e-05 
-0.000559958837322 18984 -8.25626293815e-05 33070 -0.000880272907863 -0.0098390045409 0.00104654234486 
0.000503414796215 18970 7.43724278394e-05 33072 0.000786469566902 -0.0098390045409 -0.000936745480232 
-0.001095338212 18972 -0.000161820754464 33078 -0.001711213448 -0.00140275402489 0.0020381862574 
0.00103633246562 18972 0.000153103488607 33066 0.00161903057187 -0.0182752550569 -0.00192838939277 
-0.00322761627203 18976 -0.000463649204677 33078 -0.00504228997404 -0.0182752550569 0.00600476190758 
-0.00109554437479 18962 -0.000157375671471 33068 -0.00171149602417 -0.0267115055729 0.0020381862574 
-0.0016285623491 18980 -0.000233944054772 33074 -0.00254419451164 -0.0267115055729 0.00302983016995 
-2.95084261745e-05 18972 -4.23890486785e-06 33082 -4.60990492391e-05 -0.0126510880462 5.48984323139e-05 
0.000503509548135 18974 7.23294784337e-05 33062 0.000786599438228 -0.00140275402489 -0.000936745480232 
0.000503509548135 18972 7.23294784337e-05 33076 0.000786599438228 -0.0379598395943 -0.000936745480232 
0.00050557339571 18980 7.28079057021e-05 33076 0.000785230313445 -0.00140275402489 -0.000936745480232 
-0.000564832153675 18968 -8.13417923713e-05 33070 -0.000877267935452 -0.0154631715516 0.00104654234486 
-0.00110003492837 18974 -0.000158416641408 33066 -0.0017085170599 -0.0154631715516 0.0020381862574 
-0.00324359882955 18970 -0.000464470294499 33076 -0.00503194788777 0.00703349649112 0.00600476190758 
-0.000565311926952 18978 -8.09503921394e-05 33054 -0.00087699506204 -0.0351477560889 0.00104654234486 
-0.00163662668799 18978 -0.000234358353083 33054 -0.00253897619233 -0.0351477560889 0.00302983016995 
-0.00110096930747 18964 -0.000157654372611 33062 -0.00170798562719 -0.0154631715516 0.0020381862574 
0.00157731759513 18980 0.000225865529748 33070 0.00244696719854 -0.0295235890783 -0.00292003330532 
0.000506002834089 18972 7.24575688046e-05 33064 0.000784986068253 -0.0238994220676 -0.000936745480232 
-0.00163786605321 18972 -0.000236007668405 33064 -0.00253802404065 -0.0238994220676 0.00302983016995 
-0.00163786605321 18972 -0.000236007668405 33058 -0.00253802404065 -0.0238994220676 0.00302983016995 
-2.9677002874e-05 18984 -4.27629612312e-06 33074 -4.5987244562e-05 -0.0210873385622 5.48984323139e-05 
0.00157851204746 18986 0.000227455076158 33084 0.00244604955153 -0.0182752550569 -0.00292003330532 
-0.00110180303643 18984 -0.000158763877644 33070 -0.00170734510862 -0.0154631715516 0.0020381862574 
-2.96077834261e-05 18984 -4.27438012297e-06 33068 -4.60320182664e-05 -0.0154631715516 5.48984323139e-05 
-0.00216885853875 18974 -0.000313111106434 33062 -0.00337198278021 -0.0126510880462 0.00402147408249 
-0.00163404584992 18976 -0.000235901924856 33078 -0.00254049508973 -0.0323356725836 0.00302983016995 
-0.00109923316109 18976 -0.000158692743278 33060 -0.00170900739924 -0.0323356725836 0.0020381862574 
-0.00109923316109 18986 -0.000158692743278 33070 -0.00170900739924 -0.00702692103556 0.0020381862574 
-0.00216631959422 18966 -0.000319658753595 33064 -0.00337300036957 -0.00702692103556 0.00402147408249 
-0.000563759741166 18974 -8.31875115143e-05 33072 -0.000877784524671 -0.0098390045409 0.00104654234486 
-0.00109794635885 18974 -0.000162011258875 33068 -0.00170952313964 -0.0210873385622 0.0020381862574 
0.00157298672958 18970 0.000232107477926 33074 0.00244916993519 -0.0098390045409 -0.00292003330532 
-2.95731234801e-05 18976 -4.36376415408e-06 33068 -4.6045909705e-05 -0.0238994220676 5.48984323139e-05 
-2.9484221403e-05 18986 -4.39464378497e-06 33072 -4.60999529803e-05 -0.0238994220676 5.48984323139e-05 
-2.9484221403e-05 18984 -4.39464378497e-06 33072 -4.60999529803e-05 -0.0238994220676 5.48984323139e-05 
-2.9484221403e-05 18984 -4.39464378497e-06 33060 -4.60999529803e-05 -0.00702692103556 5.48984323139e-05 
-2.9484221403e-05 18978 -4.39464378497e-06 33072 -4.60999529803e-05 -0.0238994220676 5.48984323139e-05 
-0.00109464573652 18974 -0.000163157711271 33076 -0.00171152957691 -0.0238994220676 0.0020381862574 
-0.00215373297615 18984 -0.000325599769443 33068 -0.00338048411529 -0.0238994220676 0.00402147408249 
0.000501681619637 18982 7.58438587777e-05 33062 0.000787435937927 0.00422141298578 -0.000936745480232 
-0.00109156713783 18980 -0.000165022318155 33072 -0.00171331609401 0.00140932948045 0.0020381862574 
-0.00374698173362 18992 -0.000566465946376 33082 -0.00588123614722 0.00140932948045 0.00699640582013 
-0.00214799758979 18976 -0.000323860305236 33060 -0.00338429825121 -0.0463960901103 0.00402147408249 
-0.00585567811505 18978 -0.000882878877855 33074 -0.00922596994457 -0.0407719230996 0.0109629814703 
0.000500345642545 18982 7.54386752055e-05 33070 0.000788324386914 -0.0407719230996 -0.000936745480232 
-0.00161832894332 18984 -0.000244000509148 33076 -0.00254977372358 -0.0267115055729 0.00302983016995 
-0.00214799758979 18972 -0.000323860305236 33068 -0.00338429825121 -0.0182752550569 0.00402147408249 
-0.00108866029686 18978 -0.00016414071306 33068 -0.00171524919596 0.00140932948045 0.0020381862574 
-0.00268190949585 18984 -0.000403257436925 33048 -0.00421617088456 -0.0238994220676 0.00501311799504 
0.000502986314439 18984 7.44013271241e-05 33066 0.000786740938774 -0.0351477560889 -0.000936745480232 
-0.000564527851863 18972 -8.26492536283e-05 33058 -0.000877341601048 -0.0210873385622 0.00104654234486 
-0.000562023356591 18960 -8.36528414968e-05 33062 -0.000878853132406 0.0239059975231 0.00104654234486 
-0.193602716564 19000 0.0848999567411 33236 -0.618413521285 -0.0238994220676 0.653548236799 
0.0319935139257 19466 0.286241519189 33964 -0.722187130525 -0.0126510880462 0.777503725867 
0.567710965526 20464 0.753472058441 35068 -1.33084695187 -0.0098390045409 1.63130913457 
1.14393718941 21530 1.16038747681 35718 -1.74831649752 0.0210939140178 2.38991672766 
1.73503510639 22800 2.10028116624 37334 -2.75630041975 0.0801476676299 3.87539930866 
2.30381099397 23738 3.06438210022 38996 -3.5500592936 0.0492147490712 5.22502667363 
2.83011825743 24634 3.94699839791 39784 -4.41524577629 0.0829597511352 6.56374595556 
3.37156331234 25484 4.66216023695 40590 -4.94735268723 -0.0351477560889 7.58811411722 
3.70441445792 25970 5.11540313977 41166 -5.19069598845 -0.0576444241316 8.17516731345 
4.04580159263 26614 5.84445712652 42296 -5.68247870503 -0.181376098366 9.10037108385 
4.25138934147 26994 6.37625752679 42978 -6.32608318826 -0.282611104559 9.93731854604 
4.64491311897 27686 7.0577245059 44120 -6.59741037878 -0.358537359203 10.719725593 
5.04347216748 28208 7.92379521453 45356 -6.68695904168 -0.341664858171 11.5298986696 
5.07945392601 28444 8.28356231527 45556 -6.87611589047 -0.406342778793 11.9037484246 
5.05077789724 28372 8.45306113107 45628 -6.9651452175 -0.414779029309 12.0614198067 
5.08598298722 28474 8.64348663568 45694 -7.15449285399 -0.476644866427 12.319247224 
5.15655284729 28626 8.65694410884 45680 -7.20737365201 -0.479456949932 12.3886622979 
4.96056470827 28172 8.42562280237 45526 -7.05915627539 -0.510389868491 12.0594365189 
4.67295631007 27702 7.93887950534 44998 -6.56282197182 -0.490705283954 11.3107453649 
4.28344743672 27032 7.34897978656 43770 -5.98441579383 -0.507577784986 10.4004162532 
3.836343323 26342 6.63770554253 42094 -5.31444251191 -0.50476570148 9.32844918374 
3.44187971719 25712 6.04185531957 40940 -4.86527172118 -0.555383204576 8.48654350199 
3.05889217128 25114 5.4590587408 40098 -4.42216798274 -0.561007371587 7.66248741066 
2.55269163808 24346 4.67321358427 38976 -3.79509826334 -0.620061125199 6.53895485775 
2.0362784993 23550 3.93610997101 37852 -3.20979770114 -0.572255705608 5.47194600785 
1.52702166125 22620 3.0788375479 36586 -2.57912130188 -0.558195288082 4.29684797149 
0.866521322666 21358 1.98740689626 34930 -1.7251601063 -0.58350403963 2.77070799008 
0.340255903545 20318 0.947251768696 33658 -0.919918623936 -0.532886536534 1.36356527818 
0.00276743599916 19404 0.111699830251 32788 -0.17107801318 -0.524450286018 0.204333544416 
-0.0283844753477 19146 0.011902723443 32622 -0.0544284453155 -0.569443622103 0.0625284649226 
-0.00144410326272 19094 0.00024162530544 32554 -0.002652556095 -0.527262369523 0.00302983016995 
-0.0219419052332 19070 0.00104899323577 32538 -0.0377627663718 -0.501953617975 0.0436872305843 
-0.0101756082038 19128 -0.0156796690451 32442 -0.0512957429601 -0.555383204576 0.0545953136223 
0.0288993839619 19160 -0.0768951400754 32362 -0.263211031478 -0.530074453028 0.27573190612 
0.0712918910189 19188 -0.0605650969149 32394 -0.251987328572 -0.524450286018 0.268790398732 
0.0121558404772 19174 -0.0487348613761 32424 -0.235732677768 -0.516014035502 0.241024369181 
0.113342865836 19226 -0.160203269923 32208 -0.417331339248 -0.510389868491 0.461169317766 
0.488010625211 19568 -0.585640926017 31630 -0.649694885844 -0.493517367459 1.0016152501 
0.00346606594595 18650 0.00121756535447 33570 0.00582488664026 -3.65148714395 -0.0068866089555 
0.0035220860345 18650 0.000946711031162 33574 0.00584157779157 -3.64867506045 -0.0068866089555 
0.00618218150075 18642 0.00166144738708 33586 0.0099659513895 -3.6767958955 -0.0118448285182 
0.00392651565335 18632 0.00125197478116 33580 0.0067143057887 -3.66273547797 -0.00787825286804 
0.0041069453191 18628 0.00111170338884 33584 0.00663053421483 -3.68804422952 -0.00787825286804 
0.00404094065182 18650 0.00117113989902 33590 0.00666078810939 -3.68242006251 -0.00787825286804 
0.0386996112375 18780 0.0593320485394 33704 -0.573827479182 -3.66835964498 0.578183299446 
1.17702297333 20292 0.266248999003 33772 -2.21545326158 -3.63742672643 2.52279701195 
3.35700772455 24066 0.208325261966 33172 -3.55888702945 -3.53900380374 4.89679253858 
4.73745841666 26556 0.26752246634 33076 -4.65065305649 -3.39839962847 6.64406911248 
5.09931358981 27410 0.218810725547 32580 -5.67785992662 -3.44339296456 7.63472138111 
5.25809249967 28320 0.235100231287 32572 -6.32784349581 -3.47995005013 8.23069937255 
5.7955415037 29168 0.493011264767 32810 -6.96669151425 -3.46026546559 9.07557998604 
6.41896786105 30616 0.707677798809 32314 -7.93129074072 -3.5165071357 10.2278702124 
6.96063625009 31844 0.908670225646 32286 -8.59786725512 -3.62899047591 11.0995252115 
7.23003603591 32342 0.929867696427 32090 -8.91262398706 -4.36575635431 11.514032367 
7.08764262755 32198 0.911688996498 32110 -8.84018954664 -4.40793760689 11.3672690679 
6.2546129877 30978 0.657853562404 31982 -8.15610067534 -4.41918594091 10.2992685741 
5.32972974584 29042 0.433801454219 31666 -7.19625750497 -4.43887052545 8.96550751175 
4.08228724906 26838 0.105099956439 31232 -5.84711112872 -4.50354844607 7.13195791745 
2.44553883656 23878 -0.13206326697 31074 -3.5389974528 -4.56260219968 4.30378947888 
0.790742995839 20808 -0.0470991385421 31838 -1.16665924078 -4.63852845433 1.41017254207 
0.0171912092099 19190 0.00892213330934 32360 -0.216359704384 -4.59634720175 0.21722491528 
-0.0121567705385 18868 0.00384071493409 32440 -0.0428212992 -4.6244680368 0.0446788744968 
-2.93490360306e-05 18654 -8.45015869364e-06 32250 -4.56187107736e-05 -4.59634720175 5.48984323139e-05 
-0.0230821729044 18644 -0.00199316172073 32272 -0.0427740624721 -4.59353511824 0.048645450147 
-0.178963155933 18416 -0.163835035783 31826 -0.146956233857 -4.58791095123 0.28366505742 
-1.29432185473 15940 -2.07747785391 28110 -0.754951008148 -4.56541428319 2.56147112453 
-2.30983774554 14136 -3.72253262224 25634 -0.725707626502 -4.59634720175 4.44063633881 
-2.64852201392 13336 -4.81739253209 23470 -1.1847771022 -4.64415262134 5.62366752647 
-2.97536254982 13154 -5.43112742193 22304 -1.28555777993 -4.61040761927 6.32475977264 
-3.36227643639 12704 -5.94972467094 21246 -1.07936880074 -4.68070970691 6.91875447626 
-3.86137666638 11776 -6.71831376802 18010 -1.00019733213 -4.73132721 7.81321728537 
-4.20210305367 11682 -7.21884303765 17526 -1.04660435272 -4.68633387392 8.41812007202 
-4.52108592894 11544 -7.50635318448 16986 -0.919149309166 -4.73976346052 8.81081106139 
-4.55209246408 11526 -7.81149729749 16506 -0.767542319176 -4.71445470897 9.07359669821 
-4.66112820834 11496 -8.02245103292 16228 -0.700478297135 -4.77350846258 9.30464972984 
-4.84364220295 11430 -8.23750752443 15824 -0.576458809825 -4.81287763166 9.57338523014 
-5.07695471584 11378 -8.81800721479 14778 -0.554261514015 -4.79881721413 10.1901877437 
-5.30457867723 11368 -9.27445618748 14108 -0.646924410604 -4.8353742997 10.7038592904 
-4.77172415647 11376 -8.44068775617 14890 -0.683173628661 -4.79600513062 9.72014852919 
-4.05496487937 11424 -7.24802678963 17526 -0.725044559824 -4.78756888011 8.33680527119 
-3.56728021377 11942 -6.29887343323 19988 -0.858720369763 -4.77632054609 7.28962929955 
-3.02260191348 13088 -5.08676732343 23144 -0.870035603365 -4.66383720587 5.98065933499 
-2.3689739239 14534 -3.85215973414 26188 -0.896013751436 -4.66664928938 4.61020744785 
-1.76607065003 15648 -2.71837316909 28582 -0.855996207052 -4.57666261721 3.35280296675 
-1.23190285266 16668 -1.72024954736 30528 -0.756772865498 -4.50073636256 2.24712000426 
-0.477165414508 18248 -0.613660187854 32904 -0.358053906656 -4.4669913605 0.855843594958 
-0.0154573438381 19080 -0.0163755039606 33746 -0.0163376077004 -4.4135617739 0.0278209279836 
-0.00116784682045 19204 -0.0006602835753 33832 -0.00153439324296 -4.42199802441 0.0020381862574 
0.00580755018011 19200 0.00258220923164 33864 0.00879750944725 -4.40512552338 -0.0108531846057 
0.00489167558773 19208 0.0019000522542 33862 0.00715097058265 -4.45574302648 -0.00886989678058 
0.00694396690295 19200 0.00212536131047 33828 0.0105848565137 -4.39387718936 -0.0128364724308 
0.00475515161792 19204 0.00144063143216 33848 0.0073476651438 -4.40231343988 -0.00886989678058 
0.00317802448828 19188 0.000885000250813 33840 0.00488544243294 -4.4135617739 -0.00589496504295 
0.0026624417362 19188 0.000702735825606 33844 0.00405710789463 -4.39950135637 -0.00490332113041 
0.00319052024719 19188 0.000814340260049 33822 0.0048895851921 -4.39950135637 -0.00589496504295 
0.00479193079596 19196 0.00118130669949 33824 0.00737000560561 -4.38262885534 -0.00886989678058 
0.0069265822417 19184 0.00168591843137 33838 0.0106749783118 -4.37700468833 -0.0128364724308 

 
