0.00265584748119 19192 0.000560982624719 33748 0.00408342145257 -4.38544093885 -0.00490332113041 
0.00265584748119 19192 0.000560982624719 33748 0.00408342145257 -4.38544093885 -0.00490332113041 
0.00158160358695 19198 0.000333492923508 33760 0.00243185259995 -4.40231343988 -0.00292003330532 
-0.00271529964686 19194 -0.00057254120116 33758 -0.00417500855483 -4.41074969039 0.00501311799504 
-0.00378952545531 19202 -0.000799049732327 33762 -0.00582672384353 -4.41918594091 0.00699640582013 
0.000507377778497 19200 0.000106984392341 33754 0.000780137311258 -4.38825302235 -0.000936745480232 
-0.00271553750472 19190 -0.000572363196755 33750 -0.00417487825734 -4.37700468833 0.00501311799504 
-2.97377304995e-05 19196 -6.26792392422e-06 33752 -4.57189062089e-05 -4.42481010792 5.48984323139e-05 
-0.000566897685344 19200 -0.00011948697849 33756 -0.000871550776436 -4.42481010792 0.00104654234486 
-0.000566897685344 19184 -0.00011948697849 33752 -0.000871550776436 -4.40231343988 0.00104654234486 
-2.97377304995e-05 19194 -6.26792392422e-06 33754 -4.57189062089e-05 -4.40793760689 5.48984323139e-05 
0.000507422224345 19182 0.000106951130642 33750 0.000780112964018 -4.40793760689 -0.000936745480232 
-2.97377304995e-05 19202 -6.26792392422e-06 33744 -4.57189062089e-05 -4.39106510586 5.48984323139e-05 
-0.00271307893126 19188 -0.000573343505619 33750 -0.00417634193637 -4.38262885534 0.00501311799504 
-2.97108067708e-05 19190 -6.278659243e-06 33738 -4.57349348929e-05 -4.40512552338 5.48984323139e-05 
-0.00110305805657 19200 -0.000233104597793 33752 -0.00169797773549 -4.37419260482 0.0020381862574 
0.00158134947867 19180 0.000333222716415 33746 0.00243205488255 -4.43043427493 -0.00292003330532 
0.000507296260666 19184 0.000106897710017 33744 0.000780202203433 -4.39106510586 -0.000936745480232 
0.00158134947867 19188 0.000333222716415 33746 0.00243205488255 -4.38825302235 -0.00292003330532 
-0.00164081017534 19194 -0.000345752302779 33742 -0.00252350315481 -4.38544093885 0.00302983016995 
-0.00164081017534 19192 -0.000345752302779 33748 -0.00252350315481 -4.42762219143 0.00302983016995 
-0.00110378356634 19192 -0.00023258979958 33738 -0.00169757681525 -4.43043427493 0.0020381862574 
-2.97554717296e-05 19186 -6.29993659009e-06 33750 -4.57029602064e-05 -4.43043427493 5.48984323139e-05 
-0.00217967714796 19196 -0.000461489165548 33746 -0.00334787829482 -4.4163738574 0.00402147408249 
-0.00110471630984 19182 -0.000233894551069 33750 -0.00169679062751 -4.39668927287 0.0020381862574 
0.00104520536638 19194 0.000221294677888 33758 0.0016053847071 -4.39950135637 -0.00192838939277 
-2.9685622132e-05 19186 -6.26866013376e-06 33744 -4.5752656855e-05 -4.40793760689 5.48984323139e-05 
-2.9685622132e-05 19180 -6.26866013376e-06 33734 -4.5752656855e-05 -4.40512552338 5.48984323139e-05 
-2.9685622132e-05 19192 -6.26866013376e-06 33738 -4.5752656855e-05 -4.40512552338 5.48984323139e-05 
-0.000565904330691 19186 -0.000119501013034 33738 -0.000872194173319 -4.40512552338 0.00104654234486 
-0.00539187270772 19188 -0.00113859218914 33748 -0.00831016782149 -4.36575635431 0.00997133755776 
-0.00163834174781 19194 -0.000345965718835 33750 -0.00252507720624 -4.36575635431 0.00302983016995 
-0.00110473111962 19198 -0.000234709832711 33762 -0.00169666840238 -4.4135617739 0.0020381862574 
0.00158270700285 19196 0.000336260008678 33746 0.00243075343338 -4.39950135637 -0.00292003330532 
-0.000567243495124 19180 -0.000120515864433 33746 -0.000871184035232 -4.42762219143 0.00104654234486 
-2.97558706301e-05 19178 -6.32189615532e-06 33746 -4.56996680794e-05 -4.42762219143 5.48984323139e-05 
0.000507731753864 19196 0.000107872072123 33744 0.000779784699073 -4.38825302235 -0.000936745480232 
0.000507085388807 19192 0.000107000305871 33724 0.000780325212803 -4.39668927287 -0.000936745480232 
0.0010438887677 19192 0.000220271417604 33748 0.00160638177076 -4.39668927287 -0.00192838939277 
0.0010438887677 19182 0.000220271417604 33754 0.00160638177076 -4.39106510586 -0.00192838939277 
0.00265429890437 19184 0.000560084752804 33758 0.00408455144463 -4.39106510586 -0.00490332113041 
-0.00217693150566 19198 -0.000459355252796 33748 -0.00334995757698 -4.43324635844 0.00402147408249 
-0.0016387202416 19198 -0.00034722389609 33748 -0.00252465886695 -4.43324635844 0.00302983016995 
-2.96924801784e-05 19190 -6.29145743756e-06 33746 -4.57450768356e-05 -4.42762219143 5.48984323139e-05 
-0.00110237765446 19170 -0.000233579749873 33748 -0.00169835427025 -4.39950135637 0.0020381862574 
-0.00056603506732 19194 -0.000119935603655 33746 -0.000872049673541 -4.43887052545 0.00104654234486 
-0.00217728808012 19194 -0.000460523022645 33752 -0.00334956548793 -4.43887052545 0.00402147408249 
-0.00110350546896 19188 -0.000233404885054 33738 -0.00169764574028 -4.39668927287 0.0020381862574 
-2.97228577984e-05 19186 -6.2867474635e-06 33728 -4.57259926207e-05 -4.39387718936 5.48984323139e-05 
0.00211784236452 19186 0.000447949527718 33752 0.00325811350269 -4.40793760689 -0.00391167721786 
0.00211784236452 19194 0.000447949527718 33750 0.00325811350269 -4.40793760689 -0.00391167721786 
-0.00110375138116 19194 -0.000233442721915 33750 -0.00169748066382 -4.38544093885 0.0020381862574 
-0.00110375138116 19188 -0.000233442721915 33734 -0.00169748066382 -4.38544093885 0.0020381862574 
-0.00110375138116 19178 -0.000233442721915 33750 -0.00169748066382 -4.38544093885 0.0020381862574 
0.000507281468435 19186 0.000107289711062 33746 0.000780158012467 -4.4163738574 -0.000936745480232 
0.00211874552118 19192 0.000448312351114 33738 0.00325747634053 -4.4163738574 -0.00391167721786 
0.00104450499401 19184 0.000221010255802 33746 0.00160587964508 -4.37138052132 -0.00192838939277 
0.00104450499401 19184 0.000221010255802 33746 0.00160587964508 -4.37138052132 -0.00192838939277 
0.00158162525759 19198 0.000334661303458 33746 0.0024316779928 -4.4163738574 -0.00292003330532 
-0.000566855796732 19190 -0.000119942887164 33750 -0.000871515398093 -4.42481010792 0.00104654234486 
-2.97355331502e-05 19190 -6.2918395083e-06 33750 -4.57170503685e-05 -4.42481010792 5.48984323139e-05 
-0.00271533685106 19194 -0.000574547077786 33734 -0.00417470878899 -4.42481010792 0.00501311799504 
-2.97164498829e-05 19192 -6.2607690183e-06 33746 -4.57337211276e-05 -4.39668927287 5.48984323139e-05 
0.000507059107939 19190 0.000106829044719 33754 0.000780365754627 -4.40231343988 -0.000936745480232 
-0.00164004312335 19194 -0.00034553021023 33738 -0.00252403214839 -4.42199802441 0.00302983016995 
0.0010449206752 19172 0.000220908631099 33748 0.00160562318413 -4.39668927287 -0.00192838939277 
-0.00271641747246 19172 -0.000574282890152 33748 -0.00417404208287 -4.39668927287 0.00501311799504 
-0.00271641747246 19182 -0.000574282890152 33744 -0.00417404208287 -4.4135617739 0.00501311799504 
-0.00217908345136 19178 -0.000460684101402 33758 -0.00334837561616 -4.40512552338 0.00402147408249 
0.000507586654107 19184 0.000107309842349 33760 0.000779956717415 -4.40512552338 -0.000936745480232 
-0.00110441540918 19182 -0.000233486523902 33750 -0.00169704268273 -4.40512552338 0.0020381862574 
0.000507168447781 19184 0.000107272321332 33746 0.000780233881208 -4.40512552338 -0.000936745480232 
0.000507168447781 19190 0.000107272321332 33740 0.000780233881208 -4.38544093885 -0.000936745480232 
-2.97228577984e-05 19176 -6.2867474635e-06 33754 -4.57259926207e-05 -4.39950135637 5.48984323139e-05 
-0.00164039677454 19176 -0.000346963953849 33754 -0.0025236056141 -4.39950135637 0.00302983016995 
-0.000566614163378 19176 -0.000119845816259 33754 -0.00087168586645 -4.4163738574 0.00104654234486 
-2.97228577984e-05 19186 -6.2867474635e-06 33742 -4.57259926207e-05 -4.41918594091 5.48984323139e-05 
-0.00217899015623 19186 -0.000460757974832 33742 -0.00334842616521 -4.41918594091 0.00402147408249 
-0.00164167914052 19186 -0.000347140969842 33742 -0.00252274723374 -4.41918594091 0.00302983016995 
0.000507564922326 19184 0.000107327050119 33736 0.000779968492101 -4.4163738574 -0.000936745480232 
0.000507564922326 19190 0.000107327050119 33750 0.000779968492101 -4.40231343988 -0.000936745480232 
-0.000567057109097 19170 -0.000119906959861 33746 -0.000871389370823 -4.40231343988 0.00104654234486 
-0.000566512443411 19184 -0.000119122064505 33744 -0.00087185117124 -4.36575635431 0.00104654234486 
0.00104387232119 19184 0.000219497784075 33744 0.00160649835045 -4.36575635431 -0.00192838939277 
0.00104387232119 19188 0.000219497784075 33752 0.00160649835045 -4.4135617739 -0.00192838939277 
-0.00110330736494 19174 -0.000231995347366 33756 -0.00169796767847 -4.4135617739 0.0020381862574 
-2.97119355729e-05 19182 -6.26672964698e-06 33742 -4.57358377486e-05 -4.39950135637 5.48984323139e-05 
-0.00110309996503 19184 -0.000232661693731 33750 -0.00169801125535 -4.40231343988 0.0020381862574 
0.000506982079155 19192 0.000106930752395 33744 0.000780401871053 -4.40231343988 -0.000936745480232 
-0.00163979397975 19188 -0.000345859175773 33750 -0.00252414896415 -4.41074969039 0.00302983016995 
-0.00217648799448 19176 -0.000459056657815 33742 -0.00335028667295 -4.41074969039 0.00402147408249 
-0.0005664059503 19188 -0.000119464211689 33760 -0.00087187354655 -4.41918594091 0.00104654234486 
-0.00432326405339 19186 -0.000911846585984 33740 -0.00665483750815 -4.44449469246 0.00798804973267 
0.000507409901811 19188 0.000107529373948 33746 0.000780041486087 -4.39950135637 -0.000936745480232 
-0.0021783246489 19182 -0.000461626556589 33756 -0.00334873953039 -4.39950135637 0.00402147408249 
-0.0021783246489 19184 -0.000461626556589 33756 -0.00334873953039 -4.40512552338 0.00402147408249 
-0.00164117773876 19172 -0.000347795370482 33750 -0.0025229833271 -4.40512552338 0.00302983016995 
-0.00110293993404 19184 -0.000233290739508 33752 -0.00169802890218 -4.39387718936 0.0020381862574 
-0.000566323779595 19192 -0.000119787206234 33740 -0.000871882607621 -4.39387718936 0.00104654234486 
-0.00163955608849 19192 -0.000346794272781 33740 -0.00252417519673 -4.39668927287 0.00302983016995 
-0.00110293993404 19192 -0.000233290739508 33740 -0.00169802890218 -4.39668927287 0.0020381862574 
0.00265586560762 19190 0.000561963525014 33766 0.00408327478609 -4.41074969039 -0.00490332113041 
0.0026520711661 19172 0.000557926536053 33752 0.00408629350613 -4.37419260482 -0.00490332113041 
-2.97238370923e-05 19204 -6.263901043e-06 33774 -4.57284913676e-05 -4.36575635431 5.48984323139e-05 
-0.00110471415212 19196 -0.000233892384234 33760 -0.00169679233101 -4.45011885947 0.0020381862574 
-0.0968911503675 19248 0.0413788331812 33958 -0.269771569203 -4.40793760689 0.289614920895 
0.397680834803 20696 0.679409044502 35568 -1.19617931939 -4.34607176977 1.43198870815 
0.811690316292 21268 1.34163807619 36100 -1.20467781 -4.33201135224 1.97739286005 
1.46506711956 22582 2.2231967985 37532 -2.19861324457 -4.25046093059 3.45295900191 
2.42351955974 23978 3.9130144793 40116 -3.0589087617 -4.21952801203 5.52648642304 
3.07974347969 24954 5.45009138867 42572 -3.7330848945 -4.19421926048 7.28863765563 
3.44315123146 25494 6.51400937079 44006 -4.59026311233 -4.1520380079 8.68090570885 
3.73026233097 25956 7.07042467153 44664 -5.0030228352 -4.1520380079 9.43058850673 
3.92220307132 26256 7.52534966959 44998 -5.35319701817 -4.19421926048 10.0335080056 
4.10985602879 26520 7.92005427756 45310 -5.54320849407 -4.27295759863 10.504538864 
4.44152663553 27116 8.5537047851 45684 -5.7799313817 -4.21952801203 11.2383553593 
4.85441463567 27898 9.27064253107 46024 -5.92920796072 -4.22796426255 12.0277039137 
4.87364909524 27848 9.43227291626 46068 -6.14422151747 -4.24764884708 12.2666900966 
4.69914400216 27586 9.1449902458 45966 -5.84789320806 -4.26733343162 11.8283834873 
4.46532187693 27122 8.84722681315 45812 -5.65651385701 -4.27295759863 11.4109014001 
4.42355712566 27038 8.87595636439 45808 -5.52914404416 -4.27295759863 11.3543776971 
4.46725843335 27126 8.96226512984 45884 -5.1620632484 -4.25889718111 11.2661213889 
3.87382029563 26052 8.11639466014 45284 -4.77873992176 -4.30389051719 10.1842378803 
3.40826938763 25346 7.24918284877 43914 -4.23007006986 -4.27295759863 9.05872203953 
2.95033460804 24768 6.54618594421 42316 -3.8353696898 -4.25046093059 8.14045977651 
2.45177602742 24078 5.62434219238 40118 -3.34308604549 -4.25046093059 6.98717790622 
2.02004773611 23320 4.86660291846 38418 -2.93247269303 -4.29264218317 6.03024153062 
1.6192808857 22556 4.07610679081 37122 -2.5458963694 -4.31232676771 5.07132186718 
1.30691637859 21948 3.45275565893 35982 -2.20236194463 -4.32357510173 4.29883125931 
1.06761371891 21516 2.92242002198 35078 -1.93166786327 -4.32076301822 3.66219586746 
0.86883622165 21136 2.44827691285 34298 -1.66024706156 -4.29826635018 3.08307582253 
0.664566227794 20678 1.97055790352 33490 -1.3731702871 -4.29264218317 2.49205605066 
0.471238498378 20282 1.53032662423 32790 -1.13125233613 -4.31795093472 1.96053491353 
0.20196409898 19568 0.778951128191 31726 -0.569338765687 -4.32357510173 0.985748947502 
-0.03829241583 18896 0.0978578479577 30932 -0.161208891155 -4.24764884708 0.192433817466 
-0.0937923378966 18700 0.0328897249904 30736 -0.155440532544 -4.27858176564 0.184500666166 
-0.000532442547687 18688 3.15096728214e-05 30660 -0.0009004237633 -4.28139384915 0.00104654234486 
0.00048639560541 18690 -4.24794599826e-05 30662 0.000799441620915 -4.27295759863 -0.000936745480232 
-0.00104934871682 18700 5.50623840451e-05 30668 -0.00174643597771 -4.29826635018 0.0020381862574 
-2.94277129496e-05 18686 2.09194114741e-06 30666 -4.62976388525e-05 -4.27858176564 5.48984323139e-05 
0.0315679330931 18686 -0.00290460090745 30686 0.0491088179521 -4.29264218317 -0.0584520924078 
-0.032689692382 18674 -0.0164055874837 30592 -0.039186657393 -4.25046093059 0.0536036697097 
0.494327939875 17612 0.762854887065 28996 0.586756359762 -4.31232676771 1.08193840702 
0.932006438058 16622 1.80817451884 27336 0.763346040941 -4.3095146842 2.17274671082 
-1.07478566843 15926 -3.33569057048 24652 -1.15174029765 -4.31513885121 3.6889702531 
-0.828183205675 16370 -4.33768713878 22394 -1.97190324638 -4.26170926461 4.83630225991 
-0.782072952064 16668 -5.2342242987 20878 -2.45235224529 -4.31795093472 5.83290439202 
-0.858491898093 16842 -6.14115337287 19684 -2.69968401836 -4.28420593265 6.76306638199 
-0.782588090757 17006 -6.56953743354 18956 -2.77809812996 -4.27295759863 7.1755902496 
-0.829701273458 17112 -6.94011035291 18386 -2.90264448364 -4.25889718111 7.56828123897 
-0.952450358457 17224 -7.53242509085 17358 -2.99635764359 -4.28983009966 8.16227594259 
-1.0845760553 17228 -7.80437429051 16812 -2.94619149606 -4.28420593265 8.41217020855 
-1.22644619074 17170 -8.33450073078 15708 -2.87413119326 -4.2560850976 8.90105065743 
-1.31110946909 17144 -8.78093986858 14978 -2.97713983187 -4.25327301409 9.36414836459 
-1.4048282063 17152 -9.23801223732 14288 -3.03346189137 -4.33201135224 9.82427114001 
-1.70524394929 16840 -9.77489839422 13520 -3.22396110354 -4.32919926874 10.4331405023 
-1.8881279114 16622 -10.2196508243 12896 -3.33980807997 -4.32638718523 10.9160710877 
-1.51583383124 16840 -10.5863496025 12440 -3.54357743516 -4.31795093472 11.2661213889 
-1.34525313238 17046 -10.9398967076 12060 -4.05946793619 -4.38825302235 11.7460770425 
-1.32326369614 17000 -10.5102940675 12390 -4.04839615707 -4.35450802029 11.3404946823 
-1.12749059866 16688 -9.18622242458 14246 -3.56351013566 -4.32076301822 9.91748566779 
-0.912286739993 16684 -7.48394232584 18262 -2.98762103177 -4.32357510173 8.10971881522 
-0.816844811663 17248 -5.75321690843 22744 -2.39752636768 -4.35450802029 6.28608566005 
-0.67898230004 17734 -3.59852434836 26914 -1.6826400023 -4.3067026007 4.03009575901 
-0.283910112786 18648 -1.14752751397 31742 -0.634717521719 -4.22515217904 1.34174911211 
-0.0166279988711 19112 -0.0225516218226 33628 -0.023773560523 -4.19421926048 0.0367457231965 
-0.00174960990483 19040 -0.000768689862104 33750 -0.00235113843394 -4.2560850976 0.00302983016995 
0.0025949282696 19052 0.00131329025713 33758 0.00394767958224 -4.22515217904 -0.00490332113041 
0.00363463256153 19048 0.00146778894357 33750 0.00566219256699 -4.23640051306 -0.0068866089555 
0.00475658629829 19038 0.00177396244976 33754 0.00727344573857 -4.26733343162 -0.00886989678058 
0.0386399390804 19052 0.0121176839952 33768 0.0575282133347 -4.26452134812 -0.0703518193583 
0.0157066079647 19022 0.00501959375606 33760 0.0222713477961 -4.24764884708 -0.0277111311189 
-0.133872141059 18940 -0.106083112211 33650 -0.110329287373 -4.18015884296 0.203341900504 
-0.225381446709 18258 -0.194440148556 33100 -0.0845823415704 -4.21109176151 0.309447799146 

 
