-0.0143170419265 19202 0.0100870302573 31394 -0.0176237811073 -0.246054018989 0.0248459962459 
-0.0177455397814 19202 0.0125025684514 31394 -0.0218441428295 -0.246054018989 0.0307958597212 
-0.0188883723997 19192 0.0133077478494 31388 -0.0232509300702 -0.234805684968 0.0327791475463 
-0.0171741234722 19210 0.0120999787523 31394 -0.0211407492091 -0.246054018989 0.0298042158086 
-0.0171881491769 19190 0.0120887743713 31382 -0.0211357597933 -0.246054018989 0.0298042158086 
-0.0154725002625 19198 0.0108821236485 31390 -0.0190260769548 -0.246054018989 0.026829284071 
-0.0166162662054 19184 0.0116865574637 31388 -0.0204325321805 -0.254490269505 0.0288125718961 
-0.0137568513481 19204 0.00967547292581 31390 -0.0169163941162 -0.257302353011 0.0238543523334 
-0.016044383234 19194 0.0112843405561 31388 -0.0197293045676 -0.257302353011 0.0278209279836 
-0.0143287343195 19194 0.0100776898334 31392 -0.0176196217291 -0.265738603527 0.0248459962459 
-0.0171771232942 19188 0.0120899958718 31396 -0.0211440231537 -0.226369434452 0.0298042158086 
-0.0188916716513 19194 0.0132967685196 31380 -0.0232545308062 -0.226369434452 0.0327791475463 
-0.0166056071751 19192 0.0116877383226 31392 -0.0204405206029 -0.226369434452 0.0288125718961 
-0.0183201555322 19196 0.0128945109704 31392 -0.0225510282554 -0.240429851979 0.0317875036337 
-0.015458746455 19200 0.0108853929547 31408 -0.0190353844727 -0.240429851979 0.026829284071 
-0.015458746455 19198 0.0108853929547 31386 -0.0190353844727 -0.212309016925 0.026829284071 
-0.015458746455 19188 0.0108853929547 31394 -0.0190353844727 -0.226369434452 0.026829284071 
-0.015458746455 19202 0.0108853929547 31378 -0.0190353844727 -0.220745267441 0.026829284071 
-0.0166014956821 19196 0.0116900684451 31394 -0.0204425277335 -0.212309016925 0.0288125718961 
-0.0166014956821 19204 0.0116900684451 31390 -0.0204425277335 -0.260114436516 0.0288125718961 
-0.016593868003 19212 0.0116941759608 31388 -0.0204463711344 -0.251678186 0.0288125718961 
-0.0148805317291 19214 0.0104867386193 31392 -0.0183352594077 -0.246054018989 0.0258376401585 
-0.0183072042768 19196 0.0129016133023 31392 -0.0225574828612 -0.254490269505 0.0317875036337 
-0.0177360921855 19198 0.0124991341884 31390 -0.0218537789523 -0.254490269505 0.0307958597212 
-0.0154824340575 19196 0.0108770899031 31398 -0.0190208736566 -0.310731939612 0.026829284071 
-0.0149101839205 19204 0.0104750590491 31380 -0.0183178383641 -0.310731939612 0.0258376401585 
-0.0166269343314 19202 0.0116811516112 31398 -0.0204269442414 -0.262926520021 0.0288125718961 
-0.0160546841944 19198 0.0112791207572 31382 -0.019723908949 -0.262926520021 0.0278209279836 
-0.0160546841944 19202 0.0112791207572 31382 -0.019723908949 -0.248866102495 0.0278209279836 
-0.0189159348793 19188 0.0132892750274 31398 -0.0232390854112 -0.268550687032 0.0327791475463 
-0.0188742677223 19188 0.0133061407851 31398 -0.0232633004798 -0.268550687032 0.0327791475463 
-0.0165903092802 19188 0.0116959764585 31398 -0.020448229066 -0.251678186 0.0288125718961 
-0.0165903092802 19208 0.0116959764585 31398 -0.020448229066 -0.226369434452 0.0288125718961 
-0.0183032781117 19190 0.0129035997035 31392 -0.0225595326264 -0.226369434452 0.0317875036337 
-0.017172297486 19188 0.0120929541449 31392 -0.0211462511824 -0.251678186 0.0298042158086 
-0.0166009419309 19188 0.0116905981682 31392 -0.0204426745008 -0.243241935484 0.0288125718961 
-0.017743653041 19186 0.0124953101217 31394 -0.0218498278641 -0.265738603527 0.0307958597212 
-0.0148868752657 19186 0.010483530238 31394 -0.0183319444558 -0.260114436516 0.0258376401585 
-0.0160295863758 19200 0.0112882421915 31394 -0.0197390978191 -0.260114436516 0.0278209279836 
-0.0166009419309 19188 0.0116905981682 31390 -0.0204426745008 -0.237617768473 0.0288125718961 
-0.0165996913182 19192 0.0117028799151 31400 -0.0204366618875 -0.226369434452 0.0288125718961 
-0.0154570662929 19188 0.0108973225584 31390 -0.019029922397 -0.226369434452 0.026829284071 
-0.0171710038308 19202 0.0121056585934 31394 -0.0211400316327 -0.226369434452 0.0298042158086 
-0.0200133136165 19196 0.0141222765967 31400 -0.0246668906586 -0.240429851979 0.0347624353714 
-0.0177296898824 19198 0.012510850991 31396 -0.0218522694502 -0.302295689096 0.0307958597212 
-0.0165878780153 19180 0.0117051381881 31402 -0.020444958846 -0.302295689096 0.0288125718961 
-0.019442407683 19188 0.0137194201952 31388 -0.0239632353565 -0.240429851979 0.0337707914588 
-0.0171587839488 19186 0.0121079945896 31384 -0.0211486141481 -0.243241935484 0.0298042158086 
-0.0160169720818 19192 0.0113022817867 31386 -0.0197413035439 -0.265738603527 0.0278209279836 
-0.0171587839488 19190 0.0121079945896 31386 -0.0211486141481 -0.246054018989 0.0298042158086 
-0.0154702559288 19190 0.0108827959567 31388 -0.0190275173741 -0.246054018989 0.026829284071 
-0.0177574560012 19180 0.0124917629845 31394 -0.0218406407844 -0.246054018989 0.0307958597212 
-0.016613855965 19180 0.0116872794706 31394 -0.0204340790793 -0.246054018989 0.0288125718961 
-0.0171856559831 19192 0.0120895212275 31394 -0.0211373599318 -0.223557350947 0.0298042158086 
-0.0171844805722 19174 0.0120862707553 31388 -0.0211401742344 -0.254490269505 0.0298042158086 
-0.0148974369326 19192 0.0104777363256 31392 -0.0183266762751 -0.254490269505 0.0258376401585 
-0.0177562414821 19196 0.0124884043628 31400 -0.0218435487243 -0.254490269505 0.0307958597212 
-0.0177562414821 19196 0.0124884043628 31396 -0.0218435487243 -0.254490269505 0.0307958597212 
-0.0177562414821 19194 0.0124884043628 31410 -0.0218435487243 -0.20949693342 0.0307958597212 
-0.012015059627 19206 0.00847917307821 31386 -0.0148220164109 -0.20949693342 0.0208794205958 
-0.0165801904201 19206 0.0117008411615 31386 -0.0204536525104 -0.260114436516 0.0288125718961 
-0.0182921144675 19192 0.0129089666928 31398 -0.0225655160477 -0.226369434452 0.0317875036337 
-0.0137269836744 19192 0.00968729860945 31388 -0.0169338799482 -0.226369434452 0.0238543523334 
-0.0142924964493 19190 0.0100994366161 31396 -0.0176365941932 -0.262926520021 0.0248459962459 
-0.0142924964493 19198 0.0100994366161 31392 -0.0176365941932 -0.229181517957 0.0248459962459 
-0.0148629331087 19198 0.010502521473 31404 -0.0183404992046 -0.229181517957 0.0258376401585 
-0.0160038064276 19192 0.0113086911867 31388 -0.0197483092273 -0.276986937548 0.0278209279836 
-0.0148629331087 19192 0.010502521473 31388 -0.0183404992046 -0.276986937548 0.0258376401585 
-0.0154333697682 19192 0.0109056063299 31396 -0.019044404216 -0.257302353011 0.026829284071 
-0.0171666897948 19190 0.0120993790917 31392 -0.0211471290499 -0.240429851979 0.0298042158086 
-0.0194513657001 19204 0.0137096580803 31390 -0.0239615526099 -0.240429851979 0.0337707914588 
-0.0188801967238 19188 0.0133070883331 31400 -0.0232579467199 -0.231993601463 0.0327791475463 
-0.0165955208185 19192 0.0116968093446 31402 -0.0204435231599 -0.276986937548 0.0288125718961 
-0.0165955208185 19192 0.0116968093446 31388 -0.0204435231599 -0.223557350947 0.0288125718961 
-0.0160095089674 19196 0.011298152555 31404 -0.0197497191204 -0.223557350947 0.0278209279836 
-0.0194333484856 19200 0.0137144078742 31398 -0.0239734507123 -0.282611104559 0.0337707914588 
-0.0160095089674 19196 0.011298152555 31398 -0.0197497191204 -0.240429851979 0.0278209279836 
-0.0154388690477 19186 0.0108954433351 31386 -0.0190457638551 -0.217933183936 0.026829284071 
-0.0154388690477 19186 0.0108954433351 31398 -0.0190457638551 -0.217933183936 0.026829284071 
-0.0165801488871 19192 0.0117008617749 31398 -0.0204536743857 -0.299483605591 0.0288125718961 
-0.0154560179143 19198 0.0108904674204 31402 -0.0190346976167 -0.265738603527 0.026829284071 
-0.0183123867307 19198 0.0129030939395 31402 -0.0225524288333 -0.265738603527 0.0317875036337 
-0.0183123867307 19198 0.0129030939395 31402 -0.0225524288333 -0.265738603527 0.0317875036337 
-0.0165985654409 19184 0.011695518028 31404 -0.0204417901034 -0.243241935484 0.0288125718961 
-0.0171697958232 19182 0.0120980650849 31400 -0.0211453591258 -0.248866102495 0.0298042158086 
-0.0165985235033 19182 0.0116955390573 31400 -0.0204418121246 -0.248866102495 0.0288125718961 
-0.0188836127829 19206 0.0133056431677 31408 -0.0232560001295 -0.257302353011 0.0327791475463 
-0.0188836127829 19194 0.0133056431677 31402 -0.0232560001295 -0.243241935484 0.0327791475463 
-0.0205974297426 19204 0.0145132212505 31394 -0.0253666411331 -0.243241935484 0.0357540792839 
-0.0160272511834 19196 0.0112930130297 31400 -0.0197382651234 -0.234805684968 0.0278209279836 
-0.0160312499634 19202 0.0112948200442 31394 -0.0197339833447 -0.271362770537 0.0278209279836 
-0.0171740796667 19194 0.0121000009172 31386 -0.0211407721093 -0.271362770537 0.0298042158086 
-0.0194597390733 19200 0.0137103626631 31400 -0.0239543496385 -0.246054018989 0.0337707914588 
-0.016602664815 19200 0.0116974104807 31390 -0.020437377727 -0.212309016925 0.0288125718961 
-0.016602664815 19206 0.0116974104807 31406 -0.020437377727 -0.257302353011 0.0288125718961 
-0.0177492964969 19214 0.0125006673714 31410 -0.0218421785796 -0.231993601463 0.0307958597212 
-0.0188923710518 19208 0.0133057243378 31406 -0.0232488393204 -0.254490269505 0.0327791475463 
-0.0160346846644 19196 0.0112930819219 31392 -0.0197321874683 -0.246054018989 0.0278209279836 
-0.0160346846644 19196 0.0112930819219 31392 -0.0197321874683 -0.246054018989 0.0278209279836 
-0.0131769982769 19202 0.00928043950603 31402 -0.0162155356162 -0.246054018989 0.0228627084208 
-0.0183208337744 19200 0.0129031958546 31398 -0.02254550895 -0.246054018989 0.0317875036337 
-0.0177574564409 19200 0.0124917625632 31400 -0.0218406406679 -0.240429851979 0.0307958597212 
-0.0171729019188 19204 0.0120967519439 31400 -0.0211435879657 -0.271362770537 0.0298042158086 
-0.0165991498183 19190 0.0116991887763 31398 -0.0204392149202 -0.260114436516 0.0288125718961 
-0.0160243934249 19196 0.0112942174941 31388 -0.0197398961605 -0.248866102495 0.0278209279836 
-0.0149400173825 19194 0.0104076542515 31394 -0.0183319465019 -0.246054018989 0.0258376401585 
-0.260405960107 19172 0.264012380128 31528 -0.372517210148 -0.246054018989 0.525626172081 
-0.455310720559 19094 0.611295701432 31748 -0.596522320272 -0.237617768473 0.967899357076 
-0.438477892997 19118 0.96540990123 31914 -0.903906202077 -0.282611104559 1.39331459556 
-0.0754031601601 19284 1.33056920748 32136 -1.82279751771 -0.229181517957 2.2580280873 
-0.0525955570865 19280 1.925302298 32606 -2.51323865046 -0.279799021053 3.16637391119 
0.259457246569 19500 2.16098050284 33078 -2.96864941487 -0.333228607655 3.6810371018 
0.621771918382 19828 2.7557099495 33806 -3.96206010916 -0.254490269505 4.86605157729 
0.875993308949 20048 3.0621784759 34136 -4.40428173596 -0.29385943858 5.43525518309 
1.13864115121 20288 3.31399623569 34506 -4.66673469998 -0.246054018989 5.83587932376 
1.36407652501 20502 3.53197544233 34742 -4.82143329553 -0.229181517957 6.13039756578 
1.67508023065 20824 4.0137012276 35194 -5.33230350317 -0.223557350947 6.88107200758 
1.85726981455 21034 4.3704065427 35604 -5.6724187333 -0.291047355075 7.39771848601 
1.97464615947 21140 4.56215796058 35798 -5.94009093272 -0.29385943858 7.74578549932 
2.13646151392 21312 4.8553407983 36092 -6.32309882448 -0.271362770537 8.25350718254 
2.36449554582 21552 5.10585242044 36466 -6.5124367246 -0.254490269505 8.60653241541 
2.51558404909 21690 5.30926803852 36618 -6.68935895416 -0.268550687032 8.90303394526 
2.64255875224 21818 5.42892732754 36740 -6.70244628864 -0.246054018989 9.02103957085 
2.78965456289 21940 5.51585450499 36808 -6.7181968092 -0.305107772601 9.12912875732 
2.95651207926 22102 5.65049489504 36956 -6.83258695827 -0.288235271569 9.34629877416 
3.1313409698 22280 5.85593431116 37186 -6.99461132642 -0.254490269505 9.64478359184 
3.38220006849 22556 6.10562673989 37546 -7.25334933771 -0.291047355075 10.0662322547 
3.54368276279 22688 6.35454093868 37734 -7.3830914342 -0.316356106623 10.3657087163 
3.57084620231 22690 6.54446908832 37874 -7.50129521842 -0.352913192192 10.5759372257 
3.69046690037 22812 6.67944174887 37926 -7.52565692161 -0.403530695288 10.7177423052 
3.50471290302 22650 6.54241732274 37922 -7.37608150218 -0.355725275697 10.4638814636 
3.18518588977 22368 6.07728903024 37726 -6.74704757415 -0.389470277761 9.62296742576 
2.83753583378 22078 5.6807157558 37514 -6.34740146746 -0.361349442708 8.97839888261 
2.51369590192 21798 5.17967468321 37154 -5.85967451792 -0.442899864363 8.21483306995 
2.32405940999 21654 4.71443016149 36832 -5.41912728166 -0.428839446836 7.54944000463 
2.14688091791 21518 4.15332400631 36292 -4.76242107101 -0.409154862299 6.67381842986 
1.76581222014 21246 3.36512994677 35476 -3.95765191387 -0.372597776729 5.48682066654 
1.30433227704 20954 2.61238860395 34782 -3.06660556556 -0.406342778793 4.234374405 
0.796702160966 20572 1.91791270993 34092 -2.32273256968 -0.369785693224 3.11580007165 
0.322116244098 20170 1.23903501015 33328 -1.45986564886 -0.389470277761 1.94169367919 
0.0878366882827 19940 0.746591448145 32742 -0.787747036647 -0.372597776729 1.08887991441 
-0.118647162225 19710 0.372966266815 32374 -0.387011867663 -0.358537359203 0.550417269895 
-0.202788847933 19536 0.117100298638 31924 -0.41674244877 -0.389470277761 0.478027264279 
-0.244923668682 19472 -0.0696161898391 31460 -0.489098939743 -0.381034027245 0.551408913807 
-0.66381403906 19284 -0.425903321695 31126 -1.81329528899 -0.513201951996 1.97739286005 
-0.889023865266 19202 -0.642258119087 31198 -2.15460692239 -0.411966945804 2.41768275722 
-0.878092434219 19102 -0.453176825924 31302 -1.90046654073 -0.397906528277 2.14200574953 
-0.555439145221 19176 -0.18598606357 31332 -1.09473736979 -0.406342778793 1.24159307694 
-0.0762289322343 19308 0.00579144564067 31212 -0.201207771314 -0.406342778793 0.215241627454 
-0.729230946457 19112 -0.160896648007 31308 -1.60381353713 -0.510389868491 1.76914763841 
-0.839000421832 19016 -0.279654103671 31230 -1.65586532398 -0.437275697352 1.87723682488 
-0.85964446595 18864 -0.415768802481 30986 -1.71680336557 -0.440087780857 1.96450148918 
-1.002413375 18740 -0.653080050621 30710 -2.04595975678 -0.451336114879 2.37008384941 
-1.26521318365 18704 -0.905416212197 30698 -2.7361321303 -0.434463613847 3.14753267685 
-1.27821810055 18674 -1.16287203957 30460 -2.89514623564 -0.423215279825 3.37164420108 
-1.43588501004 18564 -1.36708515401 30090 -3.45964020688 -0.445711947868 3.98745507077 
-1.29685588705 18582 -1.52471344586 29930 -3.6014687496 -0.428839446836 4.12033535505 
-1.39923137076 18560 -1.74924495795 29682 -3.68302800479 -0.4625844489 4.31073098626 
-1.44786053133 18516 -2.07518648284 29202 -3.99181023218 -0.456960281889 4.72622978562 
-1.47483351355 18498 -2.26901706656 28994 -4.36726758093 -0.434463613847 5.13776200933 
-1.49479156525 18478 -2.73992389627 28434 -4.76126083233 -0.465396532405 5.69308260035 
-1.52163144972 18444 -2.97891408456 28134 -5.20585966228 -0.471020699416 6.18791291271 
-1.45526346602 18460 -3.10986417069 27966 -5.12288320198 -0.423215279825 6.16708839055 
-1.42277696095 18458 -3.26924441457 27644 -5.36389978196 -0.496329450964 6.44078211041 
-1.38511144486 18474 -3.39615644073 27526 -5.43261154139 -0.437275697352 6.55482116035 
-1.39274928929 18500 -3.54836505893 27380 -5.61284117153 -0.448524031373 6.78488254806 
-1.4478851443 18468 -3.59214474091 27294 -5.75111621776 -0.426027363331 6.93362913494 
-1.39058245099 18498 -3.68897114981 27208 -5.68567813067 -0.395094444772 6.91875447626 
-1.57424099134 18398 -3.9951202335 26884 -6.08223073516 -0.409154862299 7.44531739382 
-1.59200436625 18304 -3.95875950061 26844 -6.45032824391 -0.440087780857 7.73388577237 
-1.53331744545 18310 -3.91642371985 26808 -6.48081065616 -0.442899864363 7.72595262107 
-1.6582103716 18260 -4.23342748957 26616 -6.65058687869 -0.482269033438 8.05617004394 
-1.68251777903 18226 -4.18603098617 26566 -6.79380293032 -0.437275697352 8.1553344352 
-1.64601177116 18242 -4.26819637959 26450 -6.85902935231 -0.465396532405 8.24458238733 

 
