0.00388894665441 19076 0.00195444036539 33744 0.00533681924776 -4.04236675119 -0.0068866089555 
0.00556892455107 19072 0.00279873495361 33748 0.00764226058482 -4.04236675119 -0.00986154069313 
0.00388894665441 19076 0.00195444036539 33736 0.00533681924776 -4.06767550274 -0.0068866089555 
0.00388894665441 19086 0.00195444036539 33754 0.00533681924776 -4.06486341924 -0.0068866089555 
0.00276836298053 19078 0.0013905530047 33734 0.00380066926436 -4.06205133573 -0.00490332113041 
0.00556772103229 19078 0.0027966748816 33752 0.00764389147983 -4.05080300171 -0.00986154069313 
0.00332823459088 19080 0.00167177738008 33736 0.00456931370745 -4.02830633367 -0.00589496504295 
0.00556772103229 19078 0.0027966748816 33748 0.00764389147983 -4.02830633367 -0.00986154069313 
0.00332593349189 19080 0.00166866673589 33762 0.00457212539085 -4.05642716872 -0.00589496504295 
0.00164747992513 19092 0.000826563416199 33762 0.00226477312759 -4.05642716872 -0.00292003330532 
0.00108799540287 19092 0.000545862309635 33762 0.00149565570651 -4.05080300171 -0.00192838939277 
0.00220696444738 19078 0.00110726452276 33752 0.00303389054868 -4.0479909182 -0.00391167721786 
0.00612335610316 19072 0.00307217226871 33734 0.00841771249629 -4.06486341924 -0.0108531846057 
0.00332593349189 19080 0.00166866673589 33750 0.00457212539085 -4.07611175326 -0.00589496504295 
0.00556387158091 19080 0.00279147116214 33750 0.0076485950752 -4.05923925223 -0.00986154069313 
0.00388508178523 19084 0.00194852067042 33740 0.00534179647918 -4.0479909182 -0.0068866089555 
0.00444451789187 19082 0.00222909978763 33744 0.00611099362612 -4.08736008728 -0.00787825286804 
0.00388508178523 19082 0.00194852067042 33744 0.00534179647918 -4.06486341924 -0.0068866089555 
0.00276560977795 19082 0.00138961715159 33744 0.00380301522952 -4.05361508522 -0.00490332113041 
0.00500286899703 19084 0.00251375758825 33760 0.0068794907867 -4.06205133573 -0.00886989678058 
0.00164698016841 19090 0.000827546933268 33744 0.00226477745094 -4.06486341924 -0.00292003330532 
0.00164698016841 19066 0.000827546933268 33740 0.00226477745094 -4.09298425429 -0.00292003330532 
0.00332492458272 19088 0.00167065226076 33726 0.00457213411882 -4.04236675119 -0.00589496504295 
0.00276560977795 19092 0.00138961715159 33730 0.00380301522952 -4.0479909182 -0.00490332113041 
0.00556481045651 19066 0.00279192482989 33742 0.00764774641118 -4.05080300171 -0.00986154069313 
0.00444565259155 19082 0.00223043137811 33742 0.0061096822467 -4.05080300171 -0.00787825286804 
0.00108817899668 19070 0.000545951022757 33746 0.00149548975326 -4.04236675119 -0.00192838939277 
0.00500523152403 19078 0.002511178104 33732 0.00687871432894 -4.04236675119 -0.00886989678058 
0.00276691579411 19076 0.00138819120043 33748 0.00380258599998 -4.04236675119 -0.00490332113041 
0.00667864392033 19086 0.00335747844399 33744 0.00918819985142 -4.06767550274 -0.0118448285182 
-0.0017083537185 19090 -0.000858821169839 33758 -0.00235028181915 -4.07048758625 0.00302983016995 
0.00388297804072 19090 0.00195204523938 33758 0.00534203929456 -4.0957963378 -0.0068866089555 
0.00276471168887 19084 0.00138987195754 33748 0.00380357507182 -4.05923925223 -0.00490332113041 
0.0061195107444 19076 0.00307639180307 33732 0.00841896774005 -4.08736008728 -0.0108531846057 
0.00556037756848 19082 0.00279530516215 33744 0.00764973562868 -4.06767550274 -0.00986154069313 
0.00388458129409 19086 0.00195254144273 33748 0.00534069218266 -4.06205133573 -0.0068866089555 
0.00500330936997 19080 0.00251485762713 33748 0.00687876844805 -4.0479909182 -0.00886989678058 
-0.00170905908532 19090 -0.000859039479296 33740 -0.00234968914425 -4.09298425429 0.00302983016995 
0.00724076552174 19084 0.00363948999594 33736 0.00995492097881 -4.05923925223 -0.0128364724308 
0.00332639611293 19086 0.00167395177009 33748 0.00456985636852 -4.0957963378 -0.00589496504295 
0.00332639611293 19086 0.00167395177009 33748 0.00456985636852 -4.0957963378 -0.00589496504295 
0.00444552080055 19094 0.00223713206738 33740 0.00610732782629 -4.08173592027 -0.00787825286804 
0.00500508314436 19088 0.00251872221602 33742 0.00687606355518 -4.05923925223 -0.00886989678058 
0.00500508314436 19078 0.00251872221602 33728 0.00687606355518 -4.05923925223 -0.00886989678058 
0.00220598631071 19078 0.00110769059048 33744 0.00303444634315 -4.08454800377 -0.00391167721786 
0.00220598631071 19092 0.00110769059048 33748 0.00303444634315 -4.08454800377 -0.00391167721786 
0.00612064220391 19084 0.00307335441931 33724 0.00841925458161 -4.07048758625 -0.0108531846057 
0.00276522286688 19098 0.00138849970888 33740 0.00380370466293 -4.08454800377 -0.00490332113041 
0.00164707744831 19086 0.000828440037179 33748 0.00226438015541 -4.07329966975 -0.00292003330532 
0.0027657731304 19088 0.00139111685205 33756 0.00380234809072 -4.07329966975 -0.00490332113041 
0.0038844688125 19080 0.00195379366692 33746 0.00534031602602 -4.09017217078 -0.0068866089555 
0.00444381665354 19084 0.00223513207436 33744 0.00610929999368 -4.09017217078 -0.00787825286804 
0.00332512097145 19078 0.00167245525948 33736 0.00457133205837 -4.07329966975 -0.00589496504295 
0.00220642528936 19090 0.00110977844461 33748 0.00303336412307 -4.05923925223 -0.00391167721786 
0.00388320272801 19086 0.00194953955654 33740 0.00534279093701 -4.05923925223 -0.0068866089555 
0.00388320272801 19088 0.00194953955654 33744 0.00534279093701 -4.06767550274 -0.0068866089555 
0.00388320272801 19090 0.00194953955654 33736 0.00534279093701 -4.05361508522 -0.0068866089555 
0.004442368258 19100 0.00223026538924 33740 0.00611213128186 -4.06205133573 -0.00787825286804 
0.000528965612069 19078 0.00026569842626 33738 0.000726010896795 -4.09298425429 -0.000936745480232 
0.00500869283978 19090 0.00251585693811 33746 0.00687448389349 -4.09298425429 -0.00886989678058 
0.00500869283978 19088 0.00251585693811 33740 0.00687448389349 -4.0479909182 -0.00886989678058 
0.00388876103285 19080 0.00195331731015 33726 0.00533736564432 -4.09298425429 -0.0068866089555 
0.00556865874325 19084 0.00279712675209 33730 0.00764304301808 -4.06767550274 -0.00986154069313 
0.00501007392867 19080 0.00251449317367 33730 0.00687397644796 -4.06767550274 -0.00886989678058 
0.00220947239087 19080 0.00110890643998 33730 0.00303146448406 -4.06767550274 -0.00391167721786 
0.00388983331355 19080 0.00195225848019 33730 0.0053369716624 -4.05923925223 -0.0068866089555 
0.00444995362111 19082 0.00223337582693 33722 0.00610547405518 -4.09017217078 -0.00787825286804 
0.00332971300599 19094 0.00167114113345 33738 0.00456846926962 -4.0479909182 -0.00589496504295 
0.00388983331355 19076 0.00195225848019 33734 0.0053369716624 -4.0479909182 -0.0068866089555 
0.00444622332211 19084 0.00223110083982 33740 0.00610902246397 -4.05642716872 -0.00787825286804 
0.00276727100932 19088 0.00138860786461 33732 0.00380217535987 -4.0479909182 -0.00490332113041 
0.00332692178025 19078 0.00166943885635 33730 0.00457112439457 -4.0479909182 -0.00589496504295 
0.00444622332211 19086 0.00223110083982 33732 0.00610902246397 -4.06486341924 -0.00787825286804 
0.00444622332211 19094 0.00223110083982 33738 0.00610902246397 -4.0451788347 -0.00787825286804 
0.00444622332211 19088 0.00223110083982 33720 0.00610902246397 -4.06205133573 -0.00787825286804 
0.0005286526418 19090 0.000265454244525 33730 0.000726328109821 -4.06486341924 -0.000936745480232 
0.0038864601903 19090 0.00195152217566 33730 0.00533969767806 -4.06486341924 -0.0068866089555 
0.00164792182463 19090 0.000827476888235 33730 0.0022641179659 -4.06486341924 -0.00292003330532 
0.00444609478172 19066 0.00223253349751 33730 0.0061085926061 -4.05080300171 -0.00787825286804 
0.00444837596372 19092 0.00223521079981 33740 0.0061059521959 -4.05080300171 -0.00787825286804 
0.0050082976899 19092 0.0025165591165 33740 0.00687451477275 -4.07048758625 -0.00886989678058 
0.00444837596372 19094 0.00223521079981 33742 0.0061059521959 -4.07048758625 -0.00787825286804 
0.0050082976899 19092 0.0025165591165 33712 0.00687451477275 -4.0479909182 -0.00886989678058 
0.00388845423755 19084 0.00195386248312 33724 0.00533738961905 -4.06205133573 -0.0068866089555 
0.00612814114225 19074 0.00307925574989 33730 0.00841163992645 -4.07048758625 -0.0108531846057 
0.00500898747623 19074 0.00251856916997 33730 0.00687327598 -4.07048758625 -0.00886989678058 
-0.000591000958458 19090 -0.000297161212811 33738 -0.000810964832953 -4.07048758625 0.00104654234486 
0.00164899441542 19080 0.000829130940301 33746 0.00226273149223 -4.0479909182 -0.00292003330532 
0.00164899441542 19092 0.000829130940301 33740 0.00226273149223 -4.05361508522 -0.00292003330532 
0.00500088335429 19098 0.00251022792137 33736 0.0068822227774 -4.05361508522 -0.00886989678058 
0.00444179054202 19090 0.00222958742476 33732 0.0061127984548 -4.06767550274 -0.00787825286804 
0.00723725460339 19092 0.00363278990778 33736 0.00995992006783 -4.06767550274 -0.0128364724308 
0.00444179054202 19094 0.00222958742476 33744 0.0061127984548 -4.05923925223 -0.00787825286804 
0.00611846714656 19078 0.00307588196041 33714 0.00841991247145 -4.05923925223 -0.0108531846057 
0.00164616455857 19090 0.000827561503278 33744 0.00226536502767 -4.03393050068 -0.00292003330532 
0.00164616455857 19076 0.000827561503278 33746 0.00226536502767 -4.06486341924 -0.00292003330532 
0.00500039149956 19086 0.00251380184613 33734 0.0068812756105 -4.06486341924 -0.00886989678058 
0.00500039149956 19098 0.00251380184613 33744 0.0068812756105 -4.07048758625 -0.00886989678058 
0.00444408118098 19082 0.00223227414758 33742 0.00611015243997 -4.07048758625 -0.00787825286804 
0.00668160573055 19102 0.00335618885642 33740 0.0091865175038 -4.07048758625 -0.0118448285182 
0.00444408118098 19102 0.00223227414758 33740 0.00611015243997 -4.07048758625 -0.00787825286804 
0.00668984013297 19082 0.00336429461442 33740 0.00917755541355 -4.06486341924 -0.0118448285182 
0.00611639695422 19074 0.00306762153371 33748 0.00842442891294 -4.08173592027 -0.0108531846057 
-0.00171015481209 19086 -0.000858297289744 33748 -0.00234916307221 -4.05361508522 0.00302983016995 
0.000528892791941 19072 0.000265485980956 33734 0.000726141655108 -4.06767550274 -0.000936745480232 
0.00164811471666 19068 0.000827307799664 33758 0.00226403935246 -4.09298425429 -0.00292003330532 
0.00388342713105 19078 0.00194703275463 33746 0.00534354190366 -4.0986084213 -0.0068866089555 
0.00332554434874 19076 0.00166506524623 33744 0.00457372117296 -4.06767550274 -0.00589496504295 
-0.0436081385313 19110 0.00142672628848 33900 -0.102194572089 -4.08454800377 0.111119016637 
0.14754683518 19940 0.790721973279 35762 -0.832069542344 -4.0986084213 1.15730334437 
0.439253015003 20456 1.49304987722 36558 -1.17591295836 -4.04236675119 1.95061847441 
1.24525633312 21836 3.06928183769 39374 -2.29401953697 -3.94394382851 4.0291041151 
2.03076754411 23016 6.14452741786 43646 -3.61487249041 -3.92425924397 7.4125931447 
2.32447738321 23412 7.25051452367 44970 -4.02513292216 -3.97487674707 8.61248227888 
2.65639973668 23916 8.48702621619 45726 -4.35159232006 -4.01424591614 9.90062772128 
0.00332318019481 18668 -0.000146134968283 30494 0.00602996690454 -4.03674258418 -0.0068866089555 
0.00339547333659 18664 0.000179766859884 30490 0.00598864154901 -4.06205133573 -0.0068866089555 
0.00198026917131 18668 0.000110241348403 30494 0.00337158709083 -4.05642716872 -0.00391167721786 
-2.77925428312e-05 18678 -1.50744955344e-06 30496 -4.73195522944e-05 -4.05923925223 5.48984323139e-05 
-0.00100146734815 18652 -6.99283621053e-05 30500 -0.00177380280602 -4.02830633367 0.0020381862574 
0.0123792181618 18670 0.000803042855003 30498 0.0225395652227 -4.05361508522 -0.0257278432938 
0.75996511377 19882 0.861401632876 31834 -1.95780809443 -4.00299758212 2.26992781425 
2.09311995578 22480 2.43634827057 35214 -3.85371925447 -3.94956799552 5.016781452 
3.89310807376 26092 4.36163206028 38328 -5.84126997995 -3.95800424603 8.26441526558 
5.29207643511 28944 5.85122836693 40292 -6.92056019727 -4.07892383676 10.4946224249 
5.80006053198 29892 6.41382895229 41080 -7.57825302034 -4.31513885121 11.4981660644 
6.06357497939 30438 6.99377129216 42030 -8.26383531526 -4.55416594917 12.4084951761 
6.13169549569 30476 7.45623249424 42874 -8.753303384 -4.72289095949 13.0312475532 
6.550684569 31390 8.08505618834 43840 -9.4724339151 -4.91411263785 14.0714820174 
6.47574127605 31208 8.03779308414 43710 -9.37451446302 -4.97597847497 13.9435599527 
6.26166351779 30780 7.83546650541 43394 -9.0807013613 -5.0490926461 13.5300444412 
5.8267235409 29980 7.2420312686 42170 -8.42247734154 -5.03784431208 12.5433587482 
5.25141590576 28864 6.4399893946 40380 -7.77542405241 -5.06034098013 11.3801604388 
4.7656550372 27958 5.86320916978 39340 -7.13836408604 -5.00972347703 10.3944663897 
3.88896109744 26552 4.82846040038 37492 -6.02365360116 -5.06034098013 8.64421488408 
3.370994841 25660 4.1160243217 36212 -5.30856350503 -5.08846181518 7.51572411161 
2.63154363192 24366 3.2667526119 34798 -4.51253071299 -5.10814639972 6.16113852707 
2.11888399292 23426 2.66785318403 33904 -3.88932104122 -5.17282432034 5.17048625844 
1.64759354846 22546 2.11728865217 33062 -3.26064666427 -5.10814639972 4.22247467805 
1.11176753495 21424 1.4292837824 32214 -2.34667477213 -5.06596514714 2.96407855303 
0.470625046237 20180 0.57674805727 31078 -1.3436933164 -5.08846181518 1.53611131896 
0.0236518884558 19164 0.0413750451316 30368 -0.138867839786 -5.08283764817 0.146818197489 
-0.00839987218758 18850 0.000201417000369 30346 -0.019114177535 -5.0968980657 0.0208794205958 
-0.0579154645048 18776 -8.07335834244e-05 30422 -0.0959926698358 -5.11377056673 0.11211066055 
-0.0751542915818 18720 -0.0157665690675 30314 -0.0883649842838 -5.06034098013 0.117068880113 
-0.327726800277 18048 -0.355385762481 29348 -0.541555570562 -5.09408598219 0.725938242415 
-0.374091147045 17616 -0.731802848305 28456 -0.51496868817 -5.07158931415 0.969882644901 
-0.752519780242 16978 -1.86500627592 26720 -0.680656396185 -5.01534764404 2.12316451519 
-1.33702922953 15984 -3.26764275283 24086 -1.18036258066 -4.97035430796 3.72268614612 
-1.6836421967 15456 -4.13547624647 22582 -1.56439288823 -5.03222014507 4.73118800518 
-1.87217378629 15268 -4.85706908266 21374 -1.5946601131 -5.08002556466 5.4441799783 
-2.19833353043 15010 -5.4036490646 20926 -1.75757893995 -5.08846181518 6.09271509711 
-2.52263372683 14600 -5.9751389566 20184 -1.95467736019 -5.09127389868 6.77397446502 
-2.73446369724 14362 -6.34027716899 19732 -2.07653265795 -5.07158931415 7.21029778654 
-3.07635782069 13974 -6.79466975839 18934 -2.21113711628 -5.13626723477 7.77950139234 
-3.18839772345 13868 -7.2728309558 18254 -2.17939742221 -5.18126057086 8.2346659482 
-3.36050262918 13824 -7.57004320133 17698 -2.18533356304 -5.0997101492 8.56587501499 
-3.51818933599 13802 -8.08623730954 16800 -2.34599548417 -5.09408598219 9.12516218167 
-3.75718356293 13644 -8.70126567657 15622 -2.33342659958 -5.13907931828 9.76080592961 
-3.96905599183 13488 -9.23476555204 14696 -2.31683129673 -5.1503276523 10.3151348767 
-3.98765183551 13422 -9.56303560205 14036 -2.27368470868 -5.21781765643 10.6076698309 
-4.20548647336 13258 -9.90443970175 13532 -2.40206838664 -5.20938140591 11.0251519181 
-4.54053875052 12834 -10.245576185 13126 -2.46429819698 -5.27405932653 11.4743666105 
-4.33545339528 12878 -10.1360416647 13338 -2.4755637702 -5.22625390694 11.298845638 
-3.63441450839 12830 -8.83497394541 15376 -2.40767584104 -5.23469015746 9.85203716956 
-3.12009497067 13628 -7.70086953645 18454 -2.31857584223 -5.21781765643 8.62636529366 
-2.59437329728 14774 -6.06536779111 22294 -1.93593523891 -5.17844848735 6.8751221441 
-2.23690574646 15434 -4.90778404202 24428 -1.70101708625 -5.12220681724 5.65540013167 
-1.75496986627 16412 -3.63361997375 27286 -1.48791546255 -4.9956630595 4.30081454714 
-0.836761413255 17994 -1.57355144345 31246 -0.740183011298 -4.99003889249 1.92979395224 
-0.177771377265 19100 -0.242466901595 33632 -0.169509813456 -4.92817305538 0.345146979998 
0.0407886632077 19602 0.0269946946758 34116 0.0546295143616 -4.8381863832 -0.073326751096 
0.00623625492921 19468 0.00181478165272 34178 0.00990533465548 -4.89161596981 -0.0118448285182 
0.00351929652332 19472 0.0017827552586 34088 0.00564461854998 -4.86911930176 -0.0068866089555 
0.00629155618455 19464 0.00260846611769 34070 0.00969083009425 -4.87755555228 -0.0118448285182 
0.0089444908149 19446 0.00355691296936 34080 0.0137726859763 -4.8888038863 -0.0168030480809 
0.00770298204264 19454 0.00331143720917 34078 0.0122198095444 -4.87755555228 -0.0148197602559 
0.00726015461823 19464 0.0030800925018 34066 0.0113586965231 -4.84662263372 -0.0138281163433 
0.00204039823341 19460 0.000875887106335 34048 0.00322037505313 -4.8859918028 -0.00391167721786 

 
