-0.00516027626849 17206 -0.000585720255844 33768 -0.00732552923526 0.220751842897 0.00897969364522 
-0.00288084146776 17208 -0.000326991640321 33760 -0.00408964313076 0.246060594445 0.00501311799504 
-0.00516027626849 17218 -0.000585720255844 33760 -0.00732552923526 0.203879341865 0.00897969364522 
-0.00288084146776 17204 -0.000326991640321 33758 -0.00408964313076 0.195443091349 0.00501311799504 
-0.00463130686393 17204 -0.000487342107441 33770 -0.00649017973049 0.217939759391 0.00798804973267 
-0.00405637212861 17204 -0.000426843005614 33758 -0.00568448279113 0.217939759391 0.00699640582013 
-0.00750598054051 17204 -0.000789837616572 33752 -0.0105186644273 0.195443091349 0.0129462692954 
-0.00520624159924 17204 -0.000547841209267 33752 -0.00729587666985 0.195443091349 0.00897969364522 
-0.0058433780963 17204 -0.000592973257921 33750 -0.00805797045352 0.203879341865 0.00997133755776 
-0.0029377747686 17210 -0.00029811897277 33752 -0.00405116730329 0.234812260423 0.00501311799504 
-0.00410001609968 17202 -0.00041606068683 33754 -0.00565388856338 0.226376009907 0.00699640582013 
-0.00642449876184 17198 -0.000651944114951 33756 -0.00885933108357 0.223563926402 0.0109629814703 
-0.00468113676522 17202 -0.00047503154386 33746 -0.00645524919343 0.223563926402 0.00798804973267 
-0.00468113676522 17202 -0.00047503154386 33764 -0.00645524919343 0.184194757327 0.00798804973267 
-0.00469191996903 17206 -0.000460155190619 33758 -0.00644849461009 0.217939759391 0.00798804973267 
-0.00352700136408 17202 -0.000345907005174 33754 -0.00484745039049 0.217939759391 0.00600476190758 
-0.00585683857399 17196 -0.000574403376065 33756 -0.00804953882969 0.201067258359 0.00997133755776 
-0.00585683857399 17190 -0.000574403376065 33752 -0.00804953882969 0.223563926402 0.00997133755776 
-0.00352689877772 17200 -0.000353441718943 33748 -0.00484698148643 0.234812260423 0.00600476190758 
-0.00294445641666 17200 -0.00029507332159 33748 -0.00404653681281 0.234812260423 0.00501311799504 
-0.00585666822199 17194 -0.000586915308353 33756 -0.00804876018087 0.234812260423 0.00997133755776 
-0.00294445641666 17206 -0.00029507332159 33770 -0.00404653681281 0.226376009907 0.00501311799504 
-0.00294445641666 17212 -0.00029507332159 33752 -0.00404653681281 0.198255174854 0.00501311799504 
-0.00294445641666 17202 -0.00029507332159 33762 -0.00404653681281 0.187006840833 0.00501311799504 
-0.00640021428294 17202 -0.00066255317303 33762 -0.00887610517871 0.187006840833 0.0109629814703 
-0.00813698640552 17190 -0.000842344634655 33748 -0.0112847389135 0.217939759391 0.0139379132079 
-0.0069791383238 17190 -0.000722483660239 33738 -0.00967898309029 0.203879341865 0.0119546253828 
-0.00466344216036 17200 -0.000482761711405 33762 -0.00646747144397 0.215127675886 0.00798804973267 
-0.00405235868138 17216 -0.000449830124482 33756 -0.00568557265159 0.215127675886 0.00699640582013 
-0.00634982221974 17204 -0.000704858958481 33760 -0.0089089782997 0.181382673822 0.0109629814703 
-0.00462672456597 17202 -0.000513587332982 33744 -0.00649142406362 0.209503508875 0.00798804973267 
-0.00405235868138 17194 -0.000449830124482 33746 -0.00568557265159 0.209503508875 0.00699640582013 
-0.00175489514301 17202 -0.000194801290484 33758 -0.00246216700347 0.209503508875 0.00302983016995 
-0.00628003460537 17196 -0.000736835141897 33752 -0.00895573570664 0.226376009907 0.0109629814703 
-0.00343976797542 17204 -0.000403587254454 33754 -0.00490533170847 0.215127675886 0.00600476190758 
-0.00628003460537 17212 -0.000736835141897 33766 -0.00895573570664 0.201067258359 0.0109629814703 
-0.0045758746274 17212 -0.000536886409431 33758 -0.00652549330774 0.201067258359 0.00798804973267 
-0.00287171464943 17210 -0.000336937676966 33744 -0.00409525090883 0.234812260423 0.00501311799504 
-0.0045758746274 17216 -0.000536886409431 33752 -0.00652549330774 0.223563926402 0.00798804973267 
-0.00228441945804 17218 -0.00027846332752 33756 -0.00329789928759 0.223563926402 0.00402147408249 
-0.00341103651577 17206 -0.00041579429519 33758 -0.00492433859101 0.184194757327 0.00600476190758 
-0.00397434504463 17222 -0.000484459779024 33752 -0.00573755824272 0.170134339801 0.00699640582013 
-0.00172111092918 17232 -0.000209797843686 33762 -0.00248467963588 0.195443091349 0.00302983016995 
-0.00452493244526 17222 -0.000566849471031 33756 -0.00655839969616 0.195443091349 0.00798804973267 
-0.00621012039383 17222 -0.00077795713038 33756 -0.00900089718393 0.229188093413 0.0109629814703 
-0.00508666176145 17212 -0.000637218690814 33764 -0.00737256552542 0.220751842897 0.00897969364522 
-0.00508666176145 17220 -0.000637218690814 33750 -0.00737256552542 0.215127675886 0.00897969364522 
-0.00452106294397 17208 -0.000557975930681 33756 -0.00656182834651 0.215127675886 0.00798804973267 
-0.00283731608585 17216 -0.000350172979952 33770 -0.00411805395123 0.195443091349 0.00501311799504 
-0.00620480980208 17220 -0.00076577888141 33744 -0.00900560274179 0.195443091349 0.0109629814703 
-0.00620480980208 17224 -0.00076577888141 33756 -0.00900560274179 0.187006840833 0.0109629814703 
-0.00115356922774 17212 -0.000142370029223 33768 -0.00167427955595 0.195443091349 0.0020381862574 
-0.00285287983535 17212 -0.000340439830875 33768 -0.00410810532956 0.195443091349 0.00501311799504 
-0.00341720745037 17228 -0.000407782168759 33758 -0.00492072885971 0.195443091349 0.00600476190758 
-0.00623884552546 17226 -0.000744493858179 33778 -0.00898384651042 0.201067258359 0.0109629814703 
-0.00511019029543 17234 -0.000609809182411 33762 -0.00735859945013 0.240436427434 0.00897969364522 
-0.00398153506539 17204 -0.000475124506643 33748 -0.00573335238985 0.198255174854 0.00699640582013 
-0.00458934140655 17204 -0.000523006190539 33748 -0.0065171580087 0.220751842897 0.00798804973267 
-0.00515906651101 17204 -0.000587932664763 33748 -0.00732620405658 0.220751842897 0.00897969364522 
-0.00515906651101 17214 -0.000587932664763 33758 -0.00732620405658 0.223563926402 0.00897969364522 
-0.00629851671994 17202 -0.000717785613212 33752 -0.00894429615232 0.203879341865 0.0109629814703 
-0.00521076416838 17218 -0.000557722271751 33764 -0.00729189828584 0.195443091349 0.00897969364522 
-0.00463532999752 17196 -0.000496131986211 33760 -0.00648664068667 0.195443091349 0.00798804973267 
-0.00463532999752 17200 -0.000496131986211 33764 -0.00648664068667 0.198255174854 0.00798804973267 
-0.00697710415395 17206 -0.000701977441042 33766 -0.0096819581357 0.223563926402 0.0119546253828 
-0.00524083823849 17212 -0.000527288991879 33752 -0.00727258405513 0.201067258359 0.00897969364522 
-0.00524083823849 17202 -0.000527288991879 33756 -0.00727258405513 0.20669142537 0.00897969364522 
-0.00639834884879 17212 -0.000643747957987 33754 -0.00887883344218 0.229188093413 0.0109629814703 
-0.00466208293333 17206 -0.000469059508824 33766 -0.00646945936161 0.201067258359 0.00798804973267 
-0.00235803106117 17202 -0.000233718185058 33764 -0.00324920284388 0.201067258359 0.00402147408249 
-0.00352095147265 17202 -0.000348981996641 33764 -0.00485162631084 0.201067258359 0.00600476190758 
-0.00352095147265 17202 -0.000348981996641 33764 -0.00485162631084 0.201067258359 0.00600476190758 
-0.00352095147265 17202 -0.000348981996641 33762 -0.00485162631084 0.223563926402 0.00600476190758 
-0.00525856478884 17204 -0.000518291589561 33742 -0.00726042479141 0.201067258359 0.00897969364522 
-0.00293571326735 17214 -0.000289348055397 33750 -0.00405329709581 0.217939759391 0.00501311799504 
-0.00467785190847 17212 -0.00046105570602 33760 -0.00645864286751 0.20669142537 0.00798804973267 
-0.00292650156888 17196 -0.000303042849157 33758 -0.00405895376065 0.201067258359 0.00501311799504 
-0.00466317371705 17204 -0.000482877393389 33766 -0.00646765636372 0.187006840833 0.00798804973267 
-0.00755762729734 17206 -0.000782601633775 33758 -0.0104821607022 0.226376009907 0.0129462692954 
-0.00405074947525 17204 -0.000443787045939 33746 -0.00568719404861 0.237624343929 0.00699640582013 
-0.00347661167341 17214 -0.000380886360375 33736 -0.00488111282594 0.237624343929 0.00600476190758 
-0.00405074947525 17216 -0.000443787045939 33750 -0.00568719404861 0.195443091349 0.00699640582013 
-0.00290247387156 17212 -0.000317985674811 33734 -0.00407503160327 0.209503508875 0.00501311799504 
-0.00405074947525 17220 -0.000443787045939 33764 -0.00568719404861 0.203879341865 0.00699640582013 
-0.00175419826787 17220 -0.000192184303682 33764 -0.00246286915794 0.201067258359 0.00302983016995 
-0.00173455755658 17210 -0.000200814304879 33764 -0.00247605625069 0.201067258359 0.00302983016995 
-0.00400539565042 17206 -0.000463715222509 33752 -0.00571764534366 0.201067258359 0.00699640582013 
-0.00173455755658 17198 -0.000200814304879 33744 -0.00247605625069 0.203879341865 0.00302983016995 
-0.0028699766035 17208 -0.000332264763695 33760 -0.00409685079718 0.203879341865 0.00501311799504 
-0.00284991616331 17204 -0.000345955764432 33750 -0.00410970126692 0.201067258359 0.00501311799504 
-0.00510488164979 17212 -0.00061968953902 33740 -0.00736145815575 0.232000176918 0.00897969364522 
-0.00341365753493 17212 -0.000414389208079 33754 -0.00492264048913 0.220751842897 0.00600476190758 
-0.00341365753493 17212 -0.000414389208079 33760 -0.00492264048913 0.184194757327 0.00600476190758 
-0.00341365753493 17212 -0.000414389208079 33756 -0.00492264048913 0.184194757327 0.00600476190758 
-0.00228617479169 17212 -0.000277522320785 33766 -0.00329676204471 0.198255174854 0.00402147408249 
-0.00340001624431 17212 -0.000425881560072 33766 -0.00493109318528 0.198255174854 0.00600476190758 
-0.00227703902619 17212 -0.000285218911657 33748 -0.00330242293503 0.198255174854 0.00402147408249 
-0.00171555041713 17210 -0.00021488758745 33744 -0.0024880878099 0.203879341865 0.00302983016995 
-0.00396150485337 17216 -0.000496212884279 33764 -0.00574542831041 0.203879341865 0.00699640582013 
-0.00959183450074 17208 -0.0012108417254 33772 -0.0138771357772 0.203879341865 0.0169128449456 
-0.00284310524313 17208 -0.000358904280283 33760 -0.00411330673865 0.189818924338 0.00501311799504 
-0.00174278426105 17214 -0.000199332421817 33754 -0.0024703927752 0.220751842897 0.00302983016995 
-0.00679388618211 17192 -0.000846740472874 33756 -0.00979995965096 0.20669142537 0.0119546253828 
-0.009179844984 17194 -0.00102116550513 33760 -0.0129681266733 0.215127675886 0.015921201033 
-0.0323934811283 17202 0.0012069003193 33792 -0.0534697549797 0.187006840833 0.0625284649226 
-0.150655770082 17396 0.119604822656 34090 -0.516768144881 0.192631007843 0.551408913807 
0.203642360366 18346 0.468673896945 35126 -1.11303670518 0.212315592381 1.22473513042 
1.05391904518 20092 1.19735268443 36900 -2.06341321006 0.223563926402 2.60807838842 
1.80202642199 21604 2.0839540198 37936 -2.97387000642 0.232000176918 4.05389521291 
2.40517902244 22752 2.77726591788 38764 -3.65921791265 0.260121011971 5.18536091713 
2.95878952312 23976 3.56980513394 39552 -4.37716570798 0.29105393053 6.37632525609 
3.60100070832 25222 4.32630109942 40460 -4.8717449201 0.265745178982 7.4443257499 
3.93638087943 25826 4.85330792985 41082 -4.95146391742 0.212315592381 7.97287195529 
4.24466017324 26286 5.19960856919 41740 -5.1280283139 0.268557262487 8.44687774549 
4.67717877693 27090 5.73435790791 42542 -5.39686813436 0.108268502683 9.15887807469 
5.07942881628 27840 6.23981265574 43680 -5.57671018255 0.203879341865 9.78956360307 
-0.00207733065699 17400 -2.52101938528e-05 31380 -0.00344330010075 0.0239059975231 0.00402147408249 
-0.000540765311348 17402 -3.17632656592e-05 31360 -0.000895441149703 -0.0126510880462 0.00104654234486 
-0.00462052516833 17402 -0.000407525150313 31352 -0.00768892504728 -0.0295235890783 0.00897969364522 
-0.00318161683123 17400 -0.000120132363932 31374 -0.00509117355048 0.0154697470071 0.00600476190758 
-0.00424798867665 17394 -0.000342403302623 31348 -0.00675620386852 -0.0126510880462 0.00798804973267 
-0.0216593322332 17392 -0.000590625697433 31384 -0.0344676045857 -0.00702692103556 0.0407122988466 
-0.0933848912424 17538 0.490975644268 32148 -1.08872959217 -0.0126510880462 1.19796074479 
0.947701397192 19602 2.05166615224 36368 -2.67587796844 0.0154697470071 3.50254119754 
2.83667028339 22606 2.88277968473 38528 -4.53818052504 0.0857718346406 6.07883208233 
3.95498018468 24968 3.40930348564 38478 -5.79614847368 -0.0435840066049 7.80131755842 
5.15436993381 27556 4.35117223634 39324 -6.63590925047 -0.58912820664 9.46232111193 
5.92094254049 29218 5.04667473331 40512 -7.17870541128 -1.21622282833 10.5858536648 
6.2941701153 30142 5.42254139564 41480 -7.58749104482 -1.54523659845 11.2512467302 
6.23839155036 30074 5.40549774063 41426 -7.58114012104 -1.71396160878 11.207614398 
6.55980913948 30740 5.82395455267 42202 -7.95105542105 -1.74770661084 11.8392915703 
6.99645742314 31790 6.37798543297 43234 -8.10543900679 -1.77582744589 12.4630355913 
7.06978680738 31878 6.51375039016 43384 -8.18055498016 -1.7814516129 12.6226902612 
6.72747655442 31198 6.25154011128 42818 -7.90289804727 -1.87706245208 12.1159602219 
6.73739168458 31112 6.22619271779 42686 -7.81695039844 -1.87425036858 12.0524950115 
6.0645814233 29734 5.53331117936 41166 -7.15855438601 -1.84894161703 10.8922716338 
5.31702305748 28116 4.80056603207 39606 -6.54210935458 -1.86581411806 9.70130729486 
4.53932993364 26786 3.9003346828 37900 -5.63732652205 -1.90518328714 8.22177457734 
3.4536900293 25142 2.88538685668 36150 -4.41289768478 -1.97267329127 6.30294360657 
2.53083868475 23502 2.16249271552 34736 -3.33396879697 -2.05141162942 4.71135512693 
1.56282456116 21860 1.39968490106 33516 -2.30362142186 -2.02329079436 3.11580007165 
0.357077520615 19402 0.34765228422 31748 -0.608361202179 -1.96142495724 0.78642852108 
-0.00238890248589 18542 0.0409891894147 31360 -0.136823847914 -2.05703579643 0.142851621839 
-0.00507564735084 18244 0.000332796657486 31218 -0.00857639918879 -1.98110954178 0.00997133755776 
-0.00481782932875 18192 -9.91615578418e-05 31210 -0.00757717529865 -2.02329079436 0.00897969364522 
0.0111374219092 18168 0.00466102599733 31198 0.0143930221512 -2.03172704488 -0.018786335906 
-0.168119547308 17820 -0.131059231503 30816 -0.126674273604 -2.01204246034 0.247965876568 
-0.76209116935 16390 -0.780629040103 29208 -0.532176147826 -2.05703579643 1.21382704739 
-1.3616608682 14878 -2.19787251063 26810 -0.907003542388 -2.02329079436 2.73996702879 
-2.03875862973 13634 -3.85827856364 24240 -0.864245499497 -2.07109621395 4.44856949011 
-2.67905230368 12642 -4.96468685801 22188 -0.787168701687 -2.00360620982 5.69605753209 
-3.41371788219 11588 -5.94932268254 19718 -0.40604025136 -2.09078079849 6.87115556845 
-3.56940514928 11544 -6.31664110659 19556 -0.30667599006 -2.11327746653 7.26186327 
-3.74536622831 11522 -6.74730924869 18882 -0.347953756775 -2.13577413458 7.72496097715 
-3.78203782316 11542 -7.10158183533 18132 -0.231959854471 -2.15264663561 8.04922853656 
-3.99256018749 11540 -7.50779087013 17558 -0.0193802495335 -2.11327746653 8.5034014485 
-4.48009143671 11414 -8.17956189557 15976 0.0807094964744 -2.15264663561 9.32646589591 
-4.89343077402 11374 -8.92440064938 14580 0.217559519891 -2.19201580468 10.1802713046 
-5.19260330206 11350 -9.50373152851 13440 0.486690682062 -2.3073112284 10.8407061504 
-5.61344921464 11348 -9.90727064304 12698 0.602379616973 -2.37761331603 11.4029682488 
-5.52603299077 11362 -9.48371370735 13076 0.450599499233 -2.41698248511 10.9854861616 
-5.83112711658 11348 -9.69117507394 12868 0.50884087118 -2.46197582119 11.321653448 
-5.17257592747 11354 -8.77008038737 14258 0.298747316046 -2.39167373356 10.1862211681 
-4.60907291028 11366 -7.85835216391 16710 -0.00932346916835 -2.38886165006 9.11028752298 
-3.94282373473 11542 -6.66972876926 19496 -0.298348880127 -2.27075414283 7.75371865062 
-3.12771919241 12504 -5.15756476347 23454 -0.494267870826 -2.21170038922 6.05205769669 
-2.20619313744 14218 -3.49219339705 27348 -0.44908635275 -2.09078079849 4.15504289199 
-1.11504127163 16314 -1.61988101418 31398 -0.470340884862 -2.00079412632 2.02201683611 
0.00354480939576 17954 0.00416971845456 34014 0.00219052213297 -1.96986120776 -0.00589496504295 
0.034163597787 18258 0.0212197078574 34456 0.0528164100151 -1.92205578817 -0.0663852437082 
0.00218278726609 18246 0.00148698879788 34458 0.00288539819137 -1.89393495312 -0.00391167721786 
0.00337807635093 18254 0.0016355764196 34470 0.00454577856924 -1.93330412219 -0.00589496504295 
0.00327137108194 18244 0.00153557022672 34466 0.00465733487959 -1.95017662322 -0.00589496504295 
0.00263935520715 18254 0.00138784806896 34466 0.00389233091295 -1.96704912426 -0.00490332113041 
0.00164155152134 18254 0.000834923527399 34440 0.00226601099078 -1.95017662322 -0.00292003330532 
-3.10066373641e-05 18236 -1.50999124789e-05 34424 -4.27132175447e-05 -1.97267329127 5.48984323139e-05 
0.00325749242441 18242 0.00163233961237 34422 0.00463409358477 -1.91080745415 -0.00589496504295 
0.00158257149268 18244 0.000825131489117 34424 0.00231110795948 -1.95861287374 -0.00292003330532 
0.000513871440436 18244 0.000260310468331 34422 0.000738692559538 -1.97548537477 -0.000936745480232 

 
