-0.00468145326043 17870 -0.00201770971843 34154 -0.00739241102919 -1.93330412219 0.00897969364522 
-0.00468145326043 17862 -0.00201770971843 34148 -0.00739241102919 -1.93330412219 0.00897969364522 
-0.00519843466436 17870 -0.00224052907493 34148 -0.00820876843355 -1.9389282892 0.00997133755776 
-0.00881730449188 17864 -0.0038002645704 34144 -0.013923270264 -1.9389282892 0.0169128449456 
-0.00726636028008 17878 -0.00313180650091 34154 -0.011474198051 -1.91361953765 0.0139379132079 
-0.00571541606829 17866 -0.00246334843142 34154 -0.0090251258379 -1.91361953765 0.0109629814703 
-0.00623239747222 17866 -0.00268616778792 34148 -0.00984148324226 -1.87143828507 0.0119546253828 
-0.00570550080639 17870 -0.00245686988707 34152 -0.00903316188411 -1.89955912013 0.0109629814703 
-0.00828592345785 17866 -0.00356803662307 34158 -0.0131185833626 -1.89955912013 0.015921201033 
-0.00828592345785 17872 -0.00356803662307 34150 -0.0131185833626 -1.90237120363 0.015921201033 
-0.00725375439726 17872 -0.00312356992867 34158 -0.0114844147712 -1.8826866191 0.0139379132079 
-0.00570550080639 17872 -0.00245686988707 34160 -0.00903316188411 -1.8826866191 0.0109629814703 
-0.00673766986698 17870 -0.00290133658147 34154 -0.0106673304755 -1.89393495312 0.0129462692954 
-0.00364164772028 17884 -0.00157168180135 34166 -0.00576349829501 -1.89393495312 0.00699640582013 
-0.0046739542749 17868 -0.00201721018574 34154 -0.00739729088685 -1.93330412219 0.00897969364522 
-0.00673856738414 17876 -0.0029082669545 34150 -0.0106648760705 -1.93330412219 0.0129462692954 
-0.00570626082952 17876 -0.00246273857012 34154 -0.00903108347868 -1.91080745415 0.0109629814703 
-0.00364164772028 17872 -0.00157168180135 34154 -0.00576349829501 -1.90518328714 0.00699640582013 
-0.00776438924918 17866 -0.00333523432316 34148 -0.0123078083919 -1.90518328714 0.0149295571205 
-0.00570149903175 17854 -0.00244910895808 34144 -0.00903779490919 -1.91643162116 0.0109629814703 
-0.00467005392304 17872 -0.00200604627554 34150 -0.00740278816786 -1.91643162116 0.00897969364522 
-0.00570149903175 17876 -0.00244910895808 34144 -0.00903779490919 -1.91080745415 0.0109629814703 
-0.00829775204647 17880 -0.00356770855619 34160 -0.0131111940329 -1.91080745415 0.015921201033 
-0.00778093077855 17872 -0.00334549564247 34150 -0.0122945699778 -1.91080745415 0.0149295571205 
-0.00468000317104 17868 -0.00201221816014 34150 -0.0073948256475 -1.89674703662 0.00897969364522 
-0.00416318190312 17862 -0.00179000524642 34162 -0.00657820159245 -1.91080745415 0.00798804973267 
-0.00674728824272 17876 -0.00290106981503 34156 -0.0106613218677 -1.91080745415 0.0129462692954 
-0.00621503567827 17882 -0.00266883232382 34156 -0.00985716661061 -1.95017662322 0.0119546253828 
-0.00415287075073 17878 -0.0017833068497 34140 -0.00658653321097 -1.95017662322 0.00798804973267 
-0.00569949444639 17876 -0.00244745095529 34152 -0.0090395082607 -1.93330412219 0.0109629814703 
-0.00466841198262 17876 -0.00200468821823 34152 -0.00740419156088 -1.93330412219 0.00897969364522 
-0.0051839532145 17878 -0.00222606958676 34158 -0.00822184991079 -1.91361953765 0.00997133755776 
-0.00621503567827 17876 -0.00266883232382 34160 -0.00985716661061 -1.91361953765 0.0119546253828 
-0.00725989279183 17874 -0.00310354696888 34160 -0.0114859643677 -1.8854987026 0.0139379132079 
-0.00674337153177 17880 -0.0028827381998 34154 -0.0106687698225 -1.9389282892 0.0129462692954 
-0.00829293531195 17876 -0.00354516450704 34168 -0.013120353458 -1.9389282892 0.015921201033 
-0.00571032901166 17874 -0.00244112066164 34154 -0.00903438073208 -1.95017662322 0.0109629814703 
-0.00622266322378 17874 -0.00266058106958 34154 -0.00985458465994 -1.95017662322 0.0119546253828 
-0.00622266322378 17874 -0.00266058106958 34154 -0.00985458465994 -1.95017662322 0.0119546253828 
-0.00415796745689 17890 -0.00177779338298 34152 -0.00658480795821 -1.92205578817 0.00798804973267 
-0.0067388371655 17864 -0.00288127799123 34156 -0.0106720288354 -1.92205578817 0.0129462692954 
-0.00570648928206 17878 -0.00243988414793 34156 -0.00903714048451 -1.91643162116 0.0109629814703 
-0.00467414139861 17882 -0.00199849030463 34148 -0.00740225213364 -1.90237120363 0.00897969364522 
-0.00519246760025 17870 -0.00220987029091 34158 -0.00822084704934 -1.92767995518 0.00997133755776 
-0.00777440751405 17874 -0.00330872207924 34162 -0.0123086401289 -1.92767995518 0.0149295571205 
-0.00674163154853 17878 -0.00286918136391 34150 -0.010673522897 -1.9361162057 0.0129462692954 
-0.00622524356577 17890 -0.00264941100624 34162 -0.00985596428114 -1.89674703662 0.0119546253828 
-0.00623975432572 17890 -0.00266078725583 34162 -0.00984371602486 -1.8826866191 0.0119546253828 
-0.00831012096448 17876 -0.00354364335556 34160 -0.0131098864853 -1.93330412219 0.015921201033 
-0.00986289594355 17872 -0.00420578543036 34148 -0.0155595143307 -1.9361162057 0.0188961327707 
-0.00675734598541 17876 -0.00288150128076 34160 -0.01066025864 -1.9361162057 0.0129462692954 
-0.00520457100634 17876 -0.00221935920596 34148 -0.00821063079463 -1.93330412219 0.00997133755776 
-0.00779252930479 17876 -0.00332292933063 34144 -0.0122933438702 -1.94174037271 0.0149295571205 
-0.00571893852773 17866 -0.00244709774895 34154 -0.00902731507378 -1.94174037271 0.0109629814703 
-0.00727083859961 17868 -0.00311114600791 34158 -0.0114769813613 -1.9389282892 0.0139379132079 
-0.00778813862356 17878 -0.00333249542757 34158 -0.0122935367905 -1.90799537064 0.0149295571205 
-0.00571893852773 17866 -0.00244709774895 34154 -0.00902731507378 -1.89955912013 0.0109629814703 
-0.00623708441197 17880 -0.00267001281417 34154 -0.00984291001962 -1.89393495312 0.0119546253828 
-0.00416760365751 17872 -0.0017840956503 34158 -0.00657700699377 -1.91361953765 0.00798804973267 
-0.00882393535505 17890 -0.00377740926902 34156 -0.0139252888019 -1.91361953765 0.0169128449456 
-0.00675445460059 17888 -0.00289149210514 34156 -0.0106593857761 -1.92486787168 0.0129462692954 
-0.00571771193316 17868 -0.00246912529093 34154 -0.00902209251035 -1.91361953765 0.0109629814703 
-0.00571771193316 17868 -0.00246912529093 34162 -0.00902209251035 -1.90237120363 0.0109629814703 
-0.00623490100692 17866 -0.00269246718662 34168 -0.00983817553854 -1.94455245621 0.0119546253828 
-0.00778646822818 17874 -0.00336249287371 34160 -0.0122864246231 -1.94455245621 0.0149295571205 
-0.00415780951533 17880 -0.00179445335382 34168 -0.00658038720189 -1.90518328714 0.00798804973267 
-0.00364165518062 17880 -0.00157168824791 34160 -0.00576349182325 -1.91080745415 0.00699640582013 
-0.00519011818476 17872 -0.00223998356562 34162 -0.00821417795917 -1.91924370466 0.00997133755776 
-0.00467396385004 17872 -0.00201721845972 34162 -0.00739728258053 -1.91924370466 0.00897969364522 
-0.00467396385004 17868 -0.00201721845972 34158 -0.00739728258053 -1.87706245208 0.00897969364522 
-0.0036391437239 17866 -0.00158394995181 34160 -0.00576172108895 -1.87987453559 0.00699640582013 
-0.0093129257983 17860 -0.00405348331603 34166 -0.0147448095055 -1.87987453559 0.0179044888581 
-0.00569372635728 17866 -0.00248044884252 34138 -0.009034147244 -1.92767995518 0.0109629814703 
-0.0092988627593 17866 -0.00405101192448 34160 -0.0147543612211 -1.90518328714 0.0179044888581 
-0.00672376532929 17866 -0.00292918115166 34160 -0.0106684940946 -1.90518328714 0.0129462692954 
-0.00672376532929 17862 -0.00292918115166 34156 -0.0106684940946 -1.90237120363 0.0129462692954 
-0.00723878481529 17858 -0.00315354730622 34168 -0.0114856675199 -1.90799537064 0.0139379132079 
-0.00723878481529 17864 -0.00315354730622 34150 -0.0114856675199 -1.90799537064 0.0139379132079 
-0.00723878481529 17868 -0.00315354730622 34166 -0.0114856675199 -1.90799537064 0.0139379132079 
-0.00723525689701 17882 -0.00314963890675 34158 -0.011488962398 -1.94455245621 0.0139379132079 
-0.00208757205311 17866 -0.000908758079042 34146 -0.00331488393055 -1.93330412219 0.00402147408249 
-0.00311516833648 17862 -0.00135607184706 34156 -0.00495115753615 -1.93330412219 0.00600476190758 
-0.00671630429403 17874 -0.00292369149454 34168 -0.0106746978104 -1.90799537064 0.0129462692954 
-0.00723075228797 17872 -0.00314763715846 34164 -0.011492346421 -1.92486787168 0.0139379132079 
-0.00723075228797 17862 -0.00314763715846 34166 -0.011492346421 -1.9389282892 0.0139379132079 
-0.00465851231829 17864 -0.00202790883884 34162 -0.00740410336797 -1.91643162116 0.00897969364522 
-0.00569856647941 17878 -0.00247360723901 34158 -0.00903297127335 -1.91643162116 0.0109629814703 
-0.0067294810668 17872 -0.00292110184935 34158 -0.0106671053818 -1.91643162116 0.0129462692954 
-0.0067294810668 17878 -0.00292110184935 34152 -0.0106671053818 -1.89674703662 0.0129462692954 
-0.00673775129308 17876 -0.00291216720119 34154 -0.0106643273756 -1.89674703662 0.0129462692954 
-0.00622166052581 17884 -0.00268910426225 34160 -0.00984747310799 -1.89674703662 0.0119546253828 
-0.00828602359491 17868 -0.00358135601802 34156 -0.0131148901784 -1.9389282892 0.015921201033 
-0.00570556975853 17874 -0.0024660413233 34162 -0.0090306188404 -1.92486787168 0.0109629814703 
-0.00364120668943 17864 -0.00157378956753 34160 -0.00576320177001 -1.90799537064 0.00699640582013 
-0.00570556975853 17882 -0.0024660413233 34150 -0.0090306188404 -1.9389282892 0.0109629814703 
-0.00518947899126 17870 -0.00224297838436 34148 -0.0082137645728 -1.92486787168 0.00997133755776 
-0.00467604357701 17868 -0.00201417566051 34156 -0.00739679733644 -1.89674703662 0.00897969364522 
-0.00725796359074 17874 -0.00312632108075 34142 -0.0114810062977 -1.89674703662 0.0139379132079 
-0.00725796359074 17878 -0.00312632108075 34154 -0.0114810062977 -1.89674703662 0.0139379132079 
-0.00415965957427 17876 -0.00179174657646 34166 -0.00657995554419 -1.89674703662 0.00798804973267 
-0.0046820251991 17870 -0.00201136360554 34164 -0.00739377808994 -1.87706245208 0.00897969364522 
-0.00673766360561 17864 -0.0028960747715 34150 -0.0106687641611 -1.91080745415 0.0129462692954 
-0.00571725311845 17864 -0.00245403076185 34156 -0.00902650056875 -1.9361162057 0.0109629814703 
-0.00622769456461 17862 -0.00267805002347 34154 -0.00984667134244 -1.91361953765 0.0119546253828 
-0.00259485222926 17858 -0.000815534348974 34172 -0.00421105659735 -1.90799537064 0.00501311799504 
-0.0793640033238 17946 0.0711145152443 34340 -0.352185758048 -1.90237120363 0.367954789986 
0.00844929588721 18334 0.550127318102 35144 -1.1174557671 -1.86018995105 1.24555965259 
0.405937163887 18852 0.61687824286 35442 -1.24652833148 -1.88831078611 1.44884665466 
0.751019963857 19592 0.844881124195 36036 -1.85436376434 -1.93049203869 2.1717550669 
1.71578102688 21632 1.59554393811 37780 -2.60214993532 -1.86018995105 3.50154955363 
2.47349520765 23116 2.21848695239 38934 -3.37926122631 -1.82363286548 4.73912115648 
3.03365524798 24052 2.81255469624 39604 -4.05845648712 -1.78426369641 5.79522192334 
3.70753825973 25276 3.6660083511 40292 -4.9212077876 -1.78988786342 7.16964038613 
4.23714238697 26244 4.36739049041 41022 -5.73632312293 -1.82925703249 8.36258801292 
4.66195383311 27040 5.1513646866 41860 -6.15784368186 -1.86018995105 9.28382520767 
5.22818094265 27942 5.60626190176 42282 -6.60650584901 -1.97548537477 10.1197810259 
5.59760309913 28640 6.10311236088 42870 -6.96954438936 -2.04859954591 10.8238482039 
5.77463913545 28986 6.30366369546 43168 -7.35754685365 -2.17233122015 11.2790127597 
6.04799826734 29470 6.69879248067 43692 -7.70704152783 -2.28200247685 11.8680492438 
6.40772482882 30202 7.06346415855 44196 -7.90743258771 -2.42823081913 12.3886622979 
6.68832885554 30732 7.37369523416 44512 -8.19826783542 -2.50978124079 12.8963839811 
6.75234192267 30812 7.52494211797 44720 -8.30464144917 -2.60820416347 13.0838046805 
7.05424692013 31516 7.87397968207 45222 -8.44394143375 -2.69537875214 13.5300444412 
7.01514180648 31308 8.03193906911 45260 -8.72241199979 -2.76005667276 13.7769637754 
6.93111895027 31042 7.9576986188 45134 -8.76531113764 -2.79098959132 13.7184567846 
6.45482841118 30050 7.51145283416 44488 -8.30805788244 -2.80786209235 12.9271249424 
5.84247243582 28726 6.7350469689 42686 -7.49830239854 -2.86129167895 11.649887583 
4.82324425523 26866 5.65815894245 40328 -6.61571627419 -2.86410376246 9.95219320473 
3.99571517716 25624 4.58221185578 38570 -5.28426851968 -2.87535209648 8.05517840003 
3.25160849041 24456 3.75443848261 37192 -4.5551018247 -2.88097626349 6.73926692808 
2.19103001329 22580 2.65525196702 35314 -3.328769182 -2.8866004305 4.78870335211 
1.1207676881 20560 1.57727027495 33554 -1.85786040773 -2.86972792947 2.68245168187 
0.338741201541 18692 0.484170041142 31722 -0.696461288488 -2.88097626349 0.913358941886 
-0.0273785186008 17960 0.059308153544 30884 -0.209249124134 -2.8331708439 0.219208203105 
-0.0557404112505 17656 0.00616792759215 30626 -0.0889691744351 -2.86129167895 0.105169153162 
-0.00502726903703 17668 -0.000153039480458 30584 -0.00860991972306 -2.82192250988 0.00997133755776 
-0.00653903257056 17666 -0.000355988747803 30564 -0.0111678204553 -2.82754667689 0.0129462692954 
-0.00411942668558 17672 -0.000240599277573 30562 -0.00683969109693 -2.83879501091 0.00798804973267 
-0.00447484365544 17664 -0.000178559050914 30572 -0.00778323768663 -2.85285542844 0.00897969364522 
-0.00560721847247 17664 -0.000299430270267 30582 -0.00941575303592 -2.86972792947 0.0109629814703 
-0.00359506767274 17670 -0.000157695301647 30578 -0.00600002625162 -2.85847959545 0.00699640582013 
-0.00661080575901 17680 -0.000290693815826 30582 -0.0111273821266 -2.84160709442 0.0129462692954 
-0.00405697106392 17694 -0.000192763643576 30574 -0.00687842761799 -2.8359829274 0.00798804973267 
-0.0926339012995 17612 -0.0363811115749 30512 -0.0925577347426 -2.86410376246 0.135910114451 
-0.780694801891 15770 -0.94070630003 28174 -0.377005576873 -2.87535209648 1.27927554561 
-1.48314126627 14170 -2.6331239917 25592 -0.428600202739 -2.80786209235 3.05233486124 
-2.22472142798 13048 -4.4646219051 22716 -0.58787386382 -2.84441917792 5.02273131547 
-2.92596891214 12248 -5.59496152138 20910 -0.525165380591 -2.93440585009 6.33566785568 
-3.32534735692 11956 -6.53209392309 19556 -0.442807086153 -2.98783543669 7.34317807082 
-4.0536026229 11404 -7.11935123801 18142 -0.239637006401 -2.98502335319 8.19599183561 
-4.27663167174 11386 -7.4131340509 17750 0.105867253324 -3.00470793772 8.5589335076 
-4.4109846624 11376 -7.5410463355 17364 0.632627511721 -3.02439252226 8.75924557794 
-4.60385237319 11368 -7.84933829896 16832 0.342801385772 -3.04126502329 9.10632094733 
-4.97497752145 11344 -8.09630836147 16148 0.419158811709 -3.05251335732 9.51190330756 
-5.16739738793 11342 -8.28263746032 15662 0.563936801171 -3.10594294392 9.77865552003 
-5.16766567632 11338 -8.48757517144 15124 0.692943703135 -3.11437919443 9.96111799994 
-5.12487521733 11344 -8.95383910064 14122 0.898249995119 -3.09188252639 10.3557922771 
-5.22207586275 11354 -9.17313848953 13698 0.924011921874 -3.09188252639 10.595770104 
-5.30744005946 11354 -9.54782554227 12896 1.0013327522 -3.11156711093 10.969619859 
-5.4638845043 11350 -9.67805228034 12686 1.07705731619 -3.18186919856 11.1659653537 
-5.61642588356 11356 -9.86096950196 12436 1.12576285691 -3.18186919856 11.4039598927 
-5.57880168838 11354 -9.86588418644 12432 1.09881375777 -3.20717795011 11.3871019462 
-5.48600030425 11358 -9.55422476403 12716 1.06704011113 -3.25779545321 11.0687842503 
-5.4777128516 11354 -9.45895693697 12800 1.07709375556 -3.24092295217 10.9835028738 
-5.1807651548 11352 -8.85774611298 13778 0.95810878972 -3.22123836764 10.3062100815 
-4.20548840646 11410 -7.44379075202 17576 0.510953680328 -3.18468128207 8.56488337108 
-3.61008112763 11666 -6.32672436585 20064 0.253203328721 -3.07501002536 7.28863765563 
-2.6481840921 13248 -4.79993952143 24330 -0.230005721074 -2.97096293566 5.48682066654 
-1.53993118118 15438 -2.72905202314 29278 -0.306744862492 -2.89503668102 3.14852432076 
-0.888994206891 16664 -1.37962574274 31796 -0.32420854157 -2.85566751194 1.67295817889 
-0.0880266254409 18168 -0.120666195885 34088 -0.0619319152192 -2.7797412573 0.161692856177 
-0.0147724609862 18394 -0.0134181482675 34402 -0.0130674335173 -2.74599625523 0.0238543523334 
-0.00160194828748 18384 -0.000992073768286 34444 -0.00237264033963 -2.74599625523 0.00302983016995 
0.00156058078243 18376 0.000931562103239 34448 0.00228547023028 -2.76286875627 -0.00292003330532 
-0.00238526951499 18364 -0.00120134813051 34430 -0.00300657709137 -2.77411709029 0.00402147408249 
-0.00215294432614 18372 -0.00118621854626 34442 -0.00318276139307 -2.76005667276 0.00402147408249 
0.000535760470795 18368 0.000257191617248 34422 0.000724089279499 -2.78536542431 -0.000936745480232 
0.00272320930918 18370 0.00134555770296 34420 0.0038491770074 -2.74599625523 -0.00490332113041 
0.00106044432813 18370 0.000534607864245 34428 0.00151932152903 -2.78817750781 -0.00192838939277 
-2.99122093579e-05 18364 -1.55795743981e-05 34418 -4.33171382183e-05 -2.76849292328 5.48984323139e-05 
0.00105816851977 18358 0.000536999349003 34400 0.00152006471346 -2.78817750781 -0.00192838939277 
-3.02467980392e-05 18358 -1.49911645609e-05 34412 -4.32924250188e-05 -2.79098959132 5.48984323139e-05 
-3.04266823033e-05 18364 -1.47608159136e-05 34402 -4.32454990502e-05 -2.75724458926 5.48984323139e-05 
0.00160437047003 18384 0.000795130538891 34412 0.0023065899777 -2.77692917379 -0.00292003330532 

 
