0.00105616471275 18346 0.000489186335376 34358 0.00153749747284 -2.76005667276 -0.00192838939277 
0.00105616471275 18358 0.000489186335376 34364 0.00153749747284 -2.76005667276 -0.00192838939277 
0.00159521477095 18350 0.000737833642434 34356 0.00233184173022 -2.75443250575 -0.00292003330532 
0.00159521477095 18362 0.000737833642434 34372 0.00233184173022 -2.74599625523 -0.00292003330532 
0.00159521477095 18360 0.000737833642434 34366 0.00233184173022 -2.74880833874 -0.00292003330532 
0.0053873616268 18360 0.00249181284212 34366 0.00787509925678 -2.77692917379 -0.00986154069313 
0.00105347950583 18354 0.000487265185335 34366 0.00153994779785 -2.77692917379 -0.00192838939277 
0.00105347950583 18360 0.000487265185335 34362 0.00153994779785 -2.7825533408 -0.00192838939277 
0.0010546842739 18344 0.000486705080612 34350 0.00153930013222 -2.78817750781 -0.00192838939277 
0.00213939387019 18344 0.000987265944722 34350 0.00312242189323 -2.78817750781 -0.00391167721786 
-3.0025322396e-05 18352 -1.38557834973e-05 34356 -4.38216287832e-05 -2.82192250988 5.48984323139e-05 
0.00268174866833 18350 0.00123754637678 34368 0.00391398277374 -2.7797412573 -0.00490332113041 
-0.000572258085446 18360 -0.000264106893451 34372 -0.00083547538088 -2.7797412573 0.00104654234486 
0.000512220243835 18354 0.000236398402753 34360 0.000747822379791 -2.7263116707 -0.000936745480232 
-0.00165673641472 18364 -0.000764612189654 34368 -0.00241877314155 -2.74599625523 0.00302983016995 
0.00105445940847 18364 0.000486651050854 34368 0.00153947126012 -2.80786209235 -0.00192838939277 
0.00213893773775 18356 0.000987156347058 34362 0.00312276902079 -2.80786209235 -0.00391167721786 
0.0032228445615 18356 0.0014861347614 34364 0.00470694054148 -2.76005667276 -0.00589496504295 
0.000512129428161 18356 0.000236155772021 34356 0.000747961225524 -2.76568083977 -0.000936745480232 
0.00105427245483 18356 0.000486151569895 34356 0.00153975708871 -2.76568083977 -0.00192838939277 
-0.000572156625177 18346 -0.00026383582373 34362 -0.000835630500859 -2.75443250575 0.00104654234486 
0.00105608285515 18350 0.000487025792819 34362 0.00153823942556 -2.77692917379 -0.00192838939277 
0.00105608285515 18328 0.000487025792819 34352 0.00153823942556 -2.74880833874 -0.00192838939277 
0.000513008858594 18368 0.000236580439557 34362 0.000747223996775 -2.76286875627 -0.000936745480232 
0.00322837884138 18350 0.00148880720587 34352 0.00470230114071 -2.76849292328 -0.00589496504295 
0.00105533782735 18350 0.000488075275013 34352 0.00153841809865 -2.76849292328 -0.00192838939277 
0.00214071958281 18346 0.00099004534096 34358 0.00312063271587 -2.76849292328 -0.00391167721786 
0.000512646949622 18356 0.000237090242041 34362 0.000747310790038 -2.80505000885 -0.000936745480232 
-0.00165721893279 18358 -0.000765718429454 34362 -0.00241809254462 -2.80505000885 0.00302983016995 
-0.00165721893279 18358 -0.000765718429454 34362 -0.00241809254462 -2.80505000885 0.00302983016995 
-3.00276636998e-05 18358 -1.38742896509e-05 34362 -4.3814168598e-05 -2.76005667276 5.48984323139e-05 
0.000512369425996 18364 0.000236740423617 34368 0.000747611956743 -2.76568083977 -0.000936745480232 
0.000512369425996 18346 0.000236740423617 34346 0.000747611956743 -2.78536542431 -0.000936745480232 
0.00268195778478 18356 0.00123919927669 34362 0.0039133164581 -2.7291237542 -0.00490332113041 
0.00105476651569 18354 0.000487355136884 34360 0.00153903808208 -2.7263116707 -0.00192838939277 
0.00051217474333 18348 0.000236460502345 34362 0.000747833910611 -2.76849292328 -0.000936745480232 
-3.00162542259e-05 18352 -1.38578847263e-05 34360 -4.38271763143e-05 -2.72068750369 5.48984323139e-05 
0.00268093873355 18352 0.00123773405063 34360 0.00391447825831 -2.72068750369 -0.00490332113041 
0.00268093873355 18352 0.00123773405063 34360 0.00391447825831 -2.72068750369 -0.00490332113041 
-0.00111356484882 18360 -0.000513649406234 34358 -0.00162798674283 -2.7825533408 0.0020381862574 
0.00213714827775 18348 0.000985793458785 34358 0.00312442429133 -2.7825533408 -0.00391167721786 
0.00376250484104 18368 0.00173551489129 34360 0.00550062980841 -2.76568083977 -0.0068866089555 
0.00376250484104 18344 0.00173551489129 34350 0.00550062980841 -2.75724458926 -0.0068866089555 
-0.00165535036992 18360 -0.000763556550403 34366 -0.00242005524852 -2.77411709029 0.00302983016995 
0.00105357723556 18362 0.000485979170445 34366 0.00154028727995 -2.77411709029 -0.00192838939277 
0.00159536275666 18366 0.000735886314615 34356 0.00233235578564 -2.73756000472 -0.00292003330532 
-3.00303147609e-05 18360 -1.38921534795e-05 34370 -4.38066905573e-05 -2.74037208822 5.48984323139e-05 
0.00485197447342 18364 0.00224454437457 34362 0.00707781273827 -2.78536542431 -0.00886989678058 
-0.000572475291227 18362 -0.000264829545485 34360 -0.000835097738206 -2.79380167482 0.00104654234486 
0.000512220243835 18338 0.000236398402753 34352 0.000747822379791 -2.74880833874 -0.000936745480232 
-0.00219897557937 18358 -0.00101486483776 34356 -0.00321042202188 -2.74880833874 0.00402147408249 
-3.00189208055e-05 18344 -1.38542453489e-05 34356 -4.38265005448e-05 -2.76005667276 5.48984323139e-05 
-0.000572258085446 18358 -0.000264106893451 34356 -0.00083547538088 -2.7797412573 0.00104654234486 
0.00159669857311 18364 0.000736903698956 34354 0.00233112014046 -2.77411709029 -0.00292003330532 
0.00105445940847 18364 0.000486651050854 34354 0.00153947126012 -2.77411709029 -0.00192838939277 
0.00105426129531 18340 0.000486929399159 34356 0.00153951892863 -2.76005667276 -0.00192838939277 
-3.00132808129e-05 18356 -1.3862169519e-05 34358 -4.38278575976e-05 -2.76005667276 5.48984323139e-05 
-3.00132808129e-05 18360 -1.3862169519e-05 34356 -4.38278575976e-05 -2.78817750781 5.48984323139e-05 
0.00159639858338 18350 0.000737325183498 34354 0.00233119232174 -2.73193583771 -0.00292003330532 
-0.000572378677425 18358 -0.000264765225369 34362 -0.00083518435369 -2.73193583771 0.00104654234486 
-0.00111473210815 18348 -0.000515641671296 34364 -0.00162655747324 -2.72349958719 0.0020381862574 
0.00213938847622 18360 0.000989617004266 34354 0.00312168124405 -2.76005667276 -0.00391167721786 
-0.000572378677425 18354 -0.000264765225369 34344 -0.00083518435369 -2.78536542431 0.00104654234486 
0.00268174190695 18356 0.00124049345019 34358 0.00391305436359 -2.78536542431 -0.00490332113041 
0.00105468161476 18368 0.000487864112412 34350 0.00153893500495 -2.76005667276 -0.00192838939277 
0.00105468161476 18344 0.000487864112412 34348 0.00153893500495 -2.76005667276 -0.00192838939277 
0.00213982603697 18368 0.000989776036896 34360 0.00312133089964 -2.74880833874 -0.00391167721786 
0.00105489732467 18360 0.000487942512755 34352 0.0015387622912 -2.74880833874 -0.00192838939277 
-0.000572495743795 18362 -0.000264807773455 34354 -0.000835090621453 -2.7797412573 0.00104654234486 
0.000512475211303 18362 0.000236779376568 34362 0.000747527109452 -2.75443250575 -0.000936745480232 
-0.000572542937903 18340 -0.000264532521584 34354 -0.000835145501614 -2.75443250575 0.00104654234486 
-0.00165756108711 18354 -0.000765844419735 34362 -0.00241781811268 -2.72068750369 0.00302983016995 
0.000512475211303 18356 0.000236779376568 34368 0.000747527109452 -2.72068750369 -0.000936745480232 
0.000512475211303 18350 0.000236779376568 34366 0.000747527109452 -2.72068750369 -0.000936745480232 
-3.00338633001e-05 18356 -1.38765725079e-05 34364 -4.38091960806e-05 -2.79098959132 5.48984323139e-05 
0.00159749336051 18356 0.00073809127472 34364 0.00233019972052 -2.79098959132 -0.00292003330532 
0.00214000243511 18354 0.000988747223796 34352 0.00312153602605 -2.79098959132 -0.00391167721786 
0.00485760229478 18352 0.0022436162703 34366 0.00707424588742 -2.76286875627 -0.00886989678058 
-3.00651470231e-05 18342 -1.38864091658e-05 34360 -4.37846142553e-05 -2.76286875627 5.48984323139e-05 
0.00159732505255 18354 0.000737744484772 34372 0.00233042490887 -2.79098959132 -0.00292003330532 
0.00159732505255 18364 0.000737744484772 34342 0.00233042490887 -2.75443250575 -0.00292003330532 
-0.00219983836774 18358 -0.0010160227692 34368 -0.00320946454793 -2.74037208822 0.00402147408249 
-3.00306990063e-05 18374 -1.38700526424e-05 34364 -4.38134297609e-05 -2.77692917379 5.48984323139e-05 
0.0032246808041 18374 0.00148935902219 34364 0.0047046632475 -2.77692917379 -0.00589496504295 
0.00105487313536 18356 0.000487206305634 34358 0.00153901212932 -2.73756000472 -0.00192838939277 
0.000512256934572 18352 0.00023652968437 34356 0.00074775573293 -2.73756000472 -0.000936745480232 
0.00105453494023 18352 0.000486921307912 34360 0.00153933406053 -2.79380167482 -0.00192838939277 
0.00322364696285 18350 0.00148848780208 34356 0.00470564737094 -2.77692917379 -0.00589496504295 
-0.00057229907674 18350 -0.000264253562716 34356 -0.000835400922275 -2.7797412573 0.00104654234486 
-3.00008447054e-05 18356 -1.38254226153e-05 34364 -4.38479746053e-05 -2.74599625523 5.48984323139e-05 
0.00213764976165 18358 0.000985102641224 34356 0.00312429911172 -2.74599625523 -0.00391167721786 
0.00159573711006 18352 0.000735370625264 34350 0.00233226234014 -2.76005667276 -0.00292003330532 
-0.000571913496296 18354 -0.000263557438575 34358 -0.000835884746188 -2.76286875627 0.00104654234486 
-0.000571913496296 18354 -0.000263557438575 34358 -0.000835884746188 -2.76286875627 0.00104654234486 
-0.00165573879947 18364 -0.000763021470495 34360 -0.00241995828935 -2.76005667276 0.00302983016995 
0.00159573711006 18364 0.000735370625264 34366 0.00233226234014 -2.76005667276 -0.00292003330532 
-3.00482369377e-05 18346 -1.38886876023e-05 34354 -4.37954984461e-05 -2.77411709029 5.48984323139e-05 
-0.0005728169461 18348 -0.000264763474616 34346 -0.000834884380231 -2.77411709029 0.00104654234486 
-0.00220112307359 18360 -0.00101738783565 34358 -0.00320815102558 -2.77692917379 0.00402147408249 
0.000512720472225 18360 0.000236986099411 34358 0.000747293383339 -2.74599625523 -0.000936745480232 
-0.000572517581291 18370 -0.000264567235743 34362 -0.000835151888262 -2.74599625523 0.00104654234486 
0.00105452396537 18372 0.000486944090326 34360 0.00153933437223 -2.76568083977 -0.00192838939277 
-3.00119411853e-05 18352 -1.38639978651e-05 34356 -4.38281966319e-05 -2.76286875627 5.48984323139e-05 
0.00105410330078 18350 0.000486009059399 34346 0.00153991787951 -2.75724458926 -0.00192838939277 
-2.9981764642e-05 18354 -1.38415084038e-05 34358 -4.38559494775e-05 -2.76286875627 5.48984323139e-05 
0.0297837614249 18374 0.013774052106 34352 0.0434956846171 -2.76849292328 -0.0544855167576 
-0.23161503938 18512 0.130452111759 35152 -0.781108875996 -2.73756000472 0.825102633669 
0.268493359039 19656 0.913714142123 37272 -1.84864595932 -2.71225125317 2.07953218304 
0.736784775375 20014 0.855060586403 36966 -1.98311787752 -2.67850625111 2.2818275412 
1.29590253572 20964 1.52963567872 37912 -2.85873278125 -2.65319749956 3.4916331145 
2.51921082002 23262 3.04600184188 40112 -4.19988060668 -2.60539207997 5.76745589379 
3.55561103761 24972 4.16043652854 41310 -5.19303412722 -2.59414374595 7.54448178507 
4.69074168666 26722 4.77030396991 41918 -5.99366596412 -2.61664041399 8.98236545826 
5.24988081227 27910 5.53384266552 42390 -6.99679230059 -2.70943916966 10.3508340576 
5.7413248988 28722 5.93840263254 42798 -7.25450417117 -2.76568083977 10.9934193129 
5.92357296559 29156 6.39489081676 43406 -7.87318110118 -2.92878168308 11.7460770425 
6.21731751863 29678 6.69336978812 43728 -8.18926799939 -3.04970127381 12.2686733844 
6.55889834814 30334 6.98410258191 44090 -8.20885508752 -3.13687586248 12.6167403977 
6.76490941559 30842 7.2394370617 44438 -8.44112047994 -3.11719127794 13.0163728945 
6.92123203964 31034 7.36393982845 44598 -8.74057684383 -3.30278878929 13.3614649761 
6.95112409086 31130 7.75254850373 45070 -8.95304540006 -3.38433921095 13.7323397993 
7.14128592776 31576 8.0447048103 45332 -8.84208975295 -3.39277546146 13.9247187184 
7.18238765211 31652 8.27546815306 45458 -9.10222614402 -3.46307754909 14.2450197021 
7.31197560147 31888 8.58534281939 45692 -9.35238163608 -3.48557421714 14.6506020624 
7.25897469888 31642 8.65929232307 45752 -9.41710315987 -3.55025213776 14.7091090532 
7.21731328326 31676 8.74467314134 45782 -9.46323695483 -3.59805755735 14.768607688 
7.3452492679 32092 8.85239362831 45908 -9.38692132724 -3.64586297694 14.846947557 
7.01569125155 31154 8.779969429 45830 -9.4263294542 -3.62899047591 14.6684516528 
6.44611737864 29756 7.96931191096 45074 -8.62833803636 -3.65148714395 13.3981558008 
5.75978729569 28388 7.20358060572 43442 -8.03006253583 -3.6767958955 12.2290076279 
5.13006338007 27198 6.28939916367 41574 -7.22093092637 -3.71897714808 10.8635139604 
4.67796728644 26520 5.67257844239 40550 -6.81546968596 -3.70210464705 10.0255748543 
4.35278172742 26080 5.25310175911 39780 -6.42749668229 -3.71335298107 9.3730731598 
3.96120138229 25506 4.81445574676 38966 -6.0718421837 -3.77803090169 8.70272187492 
3.53386342035 24764 4.25607279102 37988 -5.45141128055 -3.75553423365 7.76661002148 
3.13567750393 24066 3.7069912557 37030 -4.67083860467 -3.72178923159 6.73728364026 
2.6087222838 23158 3.14694402421 36078 -4.15823908378 -3.72178923159 5.83092110419 
2.31454947548 22614 2.8063983756 35398 -3.77141284605 -3.73303756561 5.23990133232 
1.90320137572 21876 2.28386544343 34734 -3.23831867689 -3.7302254821 4.39601236274 
1.56863854493 21200 1.87526330062 34000 -2.72794857213 -3.73303756561 3.66318751137 
1.00915353195 20058 1.2262655869 32946 -1.88300843185 -3.69366839653 2.46329837719 
0.430055553369 18972 0.609247448308 31940 -1.05161102184 -3.67960797901 1.28919198474 
-0.00903260246529 17874 0.0408394914225 30768 -0.134515558806 -3.70210464705 0.140868334014 
0.0204791332128 17782 -0.00181029094205 30646 0.0406584222177 -3.68242006251 -0.0455607215447 
0.00242483542697 17746 0.000159136142715 30604 0.00425880346436 -3.71335298107 -0.00490332113041 
0.00189652163384 17724 0.000144288859986 30602 0.00341812888494 -3.61211797488 -0.00391167721786 
0.000466337769057 17730 3.90640906383e-05 30600 0.000811477157231 -3.66554756148 -0.000936745480232 
0.00239321816594 17734 0.000214974643658 30592 0.00427420762489 -3.71616506458 -0.00490332113041 
0.00240180146599 17744 0.000212614111158 30606 0.00426950852741 -3.66835964498 -0.00490332113041 
0.00447333179385 17722 0.000390748763492 30608 0.00764929323299 -3.65429922746 -0.00886989678058 
0.0490078235198 17738 -0.00226385671739 30638 0.0721016743911 -3.70772881406 -0.0872097658716 
-0.10915371646 17522 -0.0626736654075 30304 -0.178258084117 -3.66554756148 0.218216559192 
0.0589472325842 17546 0.124708823582 30174 0.148049179106 -3.69648048004 0.202350256591 
0.226144575054 17108 0.604792437974 29164 0.246748103003 -3.69366839653 0.691230705476 
0.897947394534 15286 2.81132902243 25400 0.638880155567 -3.66835964498 3.01961061213 
1.47642641215 14436 4.18223307681 22984 0.583135053201 -3.67960797901 4.47336058792 
-1.86881313991 13842 -5.01631974149 21444 -0.600191261302 -3.74709798313 5.38666463137 
-2.38020143115 13404 -5.89280456278 20112 -0.585603307597 -3.71054089756 6.38227511957 
-3.10213601591 12538 -6.4012608948 19194 -0.3522583066 -3.76959465118 7.12204147833 
-3.34856009859 12316 -6.65301449664 18882 -0.30044964022 -3.7836550687 7.45424218903 
-3.71958306863 11800 -6.89555797446 18244 -0.186583461291 -3.8370846553 7.83701673927 
-4.00314066263 11592 -7.47124187359 17340 0.0928227583138 -3.85676923984 8.47662706286 
-4.3395114722 11422 -7.9119431471 16458 0.0513182482678 -3.81177590376 9.02401450259 
-4.69403124311 11376 -8.131221085 15794 0.196836115094 -3.8877021584 9.39092275023 
-4.95455750212 11352 -8.72805895232 14474 0.2101214791 -3.84833298933 10.0384662251 
-5.36288392785 11340 -9.37750022174 13234 0.53477471132 -3.96081632954 10.8159150526 
-5.52190255693 11344 -9.71566371807 12682 0.660525793294 -4.0479909182 11.1947230271 
-5.82164346277 11338 -10.0185064853 12110 0.747176988563 -4.12391717285 11.6112134704 
-6.06672708453 11340 -10.0825748687 11902 0.835151802027 -4.17172259244 11.7966508821 
-5.45564329909 11342 -9.1094942731 13466 0.58691913975 -4.10142050481 10.6344442166 
-5.12529328662 11340 -8.17601954867 15718 0.519343669477 -4.10142050481 9.66362482618 
-4.57954261237 11364 -7.11765983551 18352 0.390747564289 -4.08173592027 8.47266048721 
-4.03175066877 11388 -5.98593116907 20576 0.29677632603 -3.96081632954 7.22318915741 
-3.3596178334 11974 -4.8908952248 23594 0.0713154682827 -3.86801757386 5.9340520711 
-2.23168718931 14104 -3.28992375478 27516 -0.0943394006838 -3.76959465118 3.97654698774 
-1.22717657461 16022 -1.73284706941 30878 -0.1925708085 -3.69085631303 2.1320893104 
-0.252406849884 17958 -0.303152956686 33622 -0.11029219405 -3.61774214189 0.409603834313 
0.00374085991867 18518 0.00316634399492 34334 0.00483793506371 -3.60086964086 -0.0068866089555 
0.0271431436666 18532 0.00209623579343 34454 0.0389780499044 -3.54181588724 -0.0475440093698 
0.0103593833575 18532 0.00366017218882 34384 0.0139977633622 -3.54181588724 -0.0177946919935 
0.00739205861835 18518 0.00341509221599 34378 0.0111763775949 -3.60086964086 -0.0138281163433 
0.00504697843331 18520 0.00184594091317 34370 0.007056598312 -3.59243339034 -0.00886989678058 
0.00609830215029 18516 0.00225841608205 34372 0.00868918199654 -3.57837297281 -0.0108531846057 
0.00652078961221 18514 0.00254510360032 34364 0.00955519299245 -3.54462797075 -0.0118448285182 
0.00596575040628 18516 0.00234989760059 34358 0.00875667856219 -3.54744005425 -0.0108531846057 
0.00644038265515 18528 0.00261567542737 34346 0.00959060352324 -3.57837297281 -0.0118448285182 
0.00749109533211 18524 0.00307939652831 34338 0.0112079261842 -3.58962130683 -0.0138281163433 
0.00587345380433 18514 0.00240074472622 34330 0.00880514515797 -3.58399713982 -0.0108531846057 
0.00536828056655 18496 0.00215651268665 34320 0.00798630087295 -3.53900380374 -0.00986154069313 

 
