-0.0051239056277 18220 -0.00142860260873 34070 -0.00843399421363 -3.7808429852 0.00997133755776 
-0.00767175329344 18220 -0.0021389712389 34070 -0.0126277741213 -3.7808429852 0.0149295571205 
-0.00360311018423 18208 -0.000996033011943 34056 -0.00591398424409 -3.77803090169 0.00699640582013 
-0.0102420946628 18218 -0.00283129404153 34060 -0.0168109170592 -3.79209131922 0.0198877766832 
-0.00717794798037 18214 -0.00198425048941 34060 -0.0117815634522 -3.78646715221 0.0139379132079 
-0.0061565657529 18214 -0.00170190263871 34064 -0.0101051122499 -3.82021215427 0.0119546253828 
-0.00512905328337 18210 -0.00142760587786 34056 -0.00843103354071 -3.75272215014 0.00997133755776 
-0.00614921621259 18214 -0.00171155508129 34058 -0.0101079566292 -3.78646715221 0.0119546253828 
-0.00614921621259 18222 -0.00171155508129 34064 -0.0101079566292 -3.82302423778 0.0119546253828 
-0.00461897181876 18206 -0.00128563127615 34052 -0.00759257199644 -3.82302423778 0.00897969364522 
-0.00410889035415 18218 -0.00114365667444 34054 -0.00675411045217 -3.80052756974 0.00798804973267 
-0.00410889035415 18224 -0.00114365667444 34050 -0.00675411045217 -3.80333965324 0.00798804973267 
-0.00408971882352 18218 -0.00116185144559 34058 -0.00676263555831 -3.77521881819 0.00798804973267 
-0.00713592778146 18214 -0.00202725135059 34066 -0.0117997547115 -3.82302423778 0.0139379132079 
-0.00662822628847 18210 -0.00188301803309 34054 -0.0109602348526 -3.77803090169 0.0129462692954 
-0.00406219514245 18216 -0.00118202570817 34058 -0.0067757157837 -3.7836550687 0.00798804973267 
-0.00860075724139 18226 -0.00250266563091 34062 -0.0143460086354 -3.7836550687 0.0169128449456 
-0.00507076449777 18204 -0.00147550124655 34060 -0.00845800308409 -3.7836550687 0.00997133755776 
-0.00557504917543 18212 -0.00162223901575 34056 -0.00929914673427 -3.82021215427 0.0109629814703 
-0.00607933385309 18216 -0.00176897678494 34064 -0.0101402903845 -3.81177590376 0.0119546253828 
-0.00754565939558 18216 -0.00225637558567 34052 -0.0126831963367 -3.81177590376 0.0149295571205 
-0.00503968847314 18220 -0.00150701607826 34050 -0.00847101028947 -3.80333965324 0.00997133755776 
-0.00604207684212 18220 -0.00180675988122 34050 -0.0101558847084 -3.80333965324 0.0119546253828 
-0.00503968847314 18220 -0.00150701607826 34056 -0.00847101028947 -3.77803090169 0.00997133755776 
-0.00751403784146 18226 -0.0022717949749 34068 -0.0126992070116 -3.77803090169 0.0149295571205 
-0.00751403784146 18218 -0.0022717949749 34052 -0.0126992070116 -3.77803090169 0.0149295571205 
-0.00601675634329 18218 -0.00181910673253 34070 -0.010168705023 -3.79771548623 0.0119546253828 
-0.00601675634329 18210 -0.00181910673253 34062 -0.010168705023 -3.7808429852 0.0119546253828 
-0.00451947484513 18208 -0.00136641849016 34054 -0.00763820303448 -3.80896382025 0.00897969364522 
-0.00651585017602 18206 -0.00197000281332 34054 -0.0110122056859 -3.80896382025 0.0129462692954 
-0.00401118325713 18236 -0.00121515106107 34068 -0.00680020259317 -3.80896382025 0.00798804973267 
-0.00450913527197 18224 -0.00136600104234 34074 -0.00764438605863 -3.77240673468 0.00897969364522 
-0.00401118325713 18234 -0.00121515106107 34062 -0.00680020259317 -3.7808429852 0.00798804973267 
-0.00550503930165 18224 -0.00166770100487 34072 -0.00933275298954 -3.80615173675 0.0109629814703 
-0.00550503930165 18222 -0.00166770100487 34070 -0.00933275298954 -3.83146048829 0.0109629814703 
-0.00502581675274 18222 -0.00150270347728 34070 -0.00848001302582 -3.83146048829 0.00997133755776 
-0.00302655815396 18216 -0.000904931414317 34070 -0.00510668291975 -3.76678256767 0.00600476190758 
-0.00502581675274 18230 -0.00150270347728 34064 -0.00848001302582 -3.7808429852 0.00997133755776 
-0.00402618745335 18218 -0.0012038174458 34060 -0.00679334797278 -3.7808429852 0.00798804973267 
-0.00752489000122 18206 -0.00224991855599 34064 -0.0126966756584 -3.76678256767 0.0149295571205 
-0.00605550365841 18236 -0.00177871279858 34066 -0.010152838237 -3.79490340272 0.0119546253828 
-0.00253934802529 18230 -0.0007458951538 34082 -0.00425754671826 -3.79490340272 0.00501311799504 
-0.00555319571082 18210 -0.00163116742075 34058 -0.00931065373435 -3.79490340272 0.0109629814703 
-0.00505088776323 18218 -0.00148362204293 34060 -0.00846846923167 -3.82021215427 0.00997133755776 
-0.00507678003912 18214 -0.00144799817637 34072 -0.00845914761702 -3.77240673468 0.00997133755776 
-0.00608654587884 18230 -0.00173600338503 34072 -0.0101416625637 -3.78927923571 0.0119546253828 
-0.00457189711925 18228 -0.00130399557204 34068 -0.00761789014367 -3.80052756974 0.00897969364522 
-0.00608654587884 18226 -0.00173600338503 34068 -0.0101416625637 -3.80052756974 0.0119546253828 
-0.00558166295898 18208 -0.0015920007807 34070 -0.00930040509036 -3.81458798726 0.0109629814703 
-0.00608654587884 18204 -0.00173600338503 34066 -0.0101416625637 -3.81458798726 0.0119546253828 
-0.00608654587884 18214 -0.00173600338503 34066 -0.0101416625637 -3.82302423778 0.0119546253828 
-0.00510211234852 18212 -0.00142064935919 34068 -0.00844853701371 -3.82302423778 0.00997133755776 
-0.00459471014473 18210 -0.00127936657935 34074 -0.0076083347589 -3.79209131922 0.00897969364522 
-0.00408730794094 18214 -0.00113808379951 34072 -0.00676813250408 -3.79209131922 0.00798804973267 
-0.00562873678114 18216 -0.00155170185119 34060 -0.00927882030928 -3.80333965324 0.0109629814703 
-0.0051195958527 18218 -0.0014113444403 34068 -0.00843951526254 -3.80052756974 0.00997133755776 
-0.00766530049493 18212 -0.00211313149476 34062 -0.0126360404962 -3.80896382025 0.0149295571205 
-0.00613787770959 18228 -0.00169205926208 34066 -0.010118125356 -3.80896382025 0.0119546253828 
-0.00714876595223 18226 -0.0019782495736 34052 -0.0118003007833 -3.80052756974 0.0139379132079 
-0.00409707659258 18234 -0.0011337677127 34062 -0.00676294852116 -3.77521881819 0.00798804973267 
-0.00613153616568 18222 -0.00169675561997 34072 -0.0101211833626 -3.81177590376 0.0119546253828 
-0.00561505304075 18222 -0.00158812663321 34072 -0.00928094800463 -3.81177590376 0.0109629814703 
-0.00815456894778 18220 -0.00230638749703 34060 -0.0134784355295 -3.81177590376 0.015921201033 
-0.00459924667793 18226 -0.00130082228769 34054 -0.00760195299468 -3.80052756974 0.00897969364522 
-0.00764666576637 18228 -0.00216273532427 34058 -0.0126389380245 -3.80052756974 0.0149295571205 
-0.00561505304075 18222 -0.00158812663321 34070 -0.00928094800463 -3.80052756974 0.0109629814703 
-0.00561505304075 18224 -0.00158812663321 34062 -0.00928094800463 -3.80052756974 0.0109629814703 
-0.00557124003207 18224 -0.00161477809363 34056 -0.00930272749959 -3.77521881819 0.0109629814703 
-0.00657912028401 18220 -0.00190690389371 34050 -0.010985662588 -3.79209131922 0.0129462692954 
-0.00758700053595 18232 -0.00219902969379 34072 -0.0126685976764 -3.79209131922 0.0149295571205 
-0.00657912028401 18222 -0.00190690389371 34050 -0.010985662588 -3.79771548623 0.0129462692954 
-0.00452770611783 18220 -0.00135718480473 34056 -0.00763497378373 -3.79771548623 0.00897969364522 
-0.00552771177213 18218 -0.00165693758094 34040 -0.00932126188535 -3.82583632128 0.0109629814703 
-0.00502770894498 18226 -0.00150706119283 34050 -0.00847811783454 -3.77803090169 0.00997133755776 
-0.00702772025358 18226 -0.00210656674524 34050 -0.0118506940378 -3.77803090169 0.0139379132079 
-0.00552771177213 18220 -0.00165693758094 34060 -0.00932126188535 -3.81458798726 0.0109629814703 
-0.00652771742643 18218 -0.00195669035714 34058 -0.011007549987 -3.80052756974 0.0129462692954 
-0.00399209305308 18216 -0.00122673342748 34068 -0.00680935068014 -3.80052756974 0.00798804973267 
-0.0059744216098 18238 -0.00183588473544 34064 -0.01019062715 -3.79771548623 0.0119546253828 
-0.00448767519226 18224 -0.00137902125447 34058 -0.00765466979761 -3.79209131922 0.00897969364522 
-0.00447703784118 18216 -0.0014025393458 34064 -0.00765662546518 -3.78927923571 0.00897969364522 
-0.00398263040404 18226 -0.00124765437318 34072 -0.00681109037978 -3.80333965324 0.00798804973267 
-0.00546585271545 18228 -0.00171230929103 34056 -0.00934769563599 -3.80333965324 0.0109629814703 
-0.00299381552976 18226 -0.00093788442794 34058 -0.00512002020898 -3.80333965324 0.00600476190758 
-0.00447703784118 18236 -0.0014025393458 34052 -0.00765662546518 -3.79209131922 0.00897969364522 
-0.00497144527832 18216 -0.00155742431841 34050 -0.00850216055059 -3.82583632128 0.00997133755776 
-0.00793788990115 18234 -0.00248673415412 34052 -0.013575371063 -3.77240673468 0.015921201033 
-0.00545210248464 18226 -0.00170294818804 34052 -0.0093574306668 -3.77240673468 0.0109629814703 
-0.0034794477815 18222 -0.0010867952889 34066 -0.00597176804102 -3.79490340272 0.00699640582013 
-0.00791792086357 18236 -0.00247313931198 34066 -0.013589508949 -3.80052756974 0.015921201033 
-0.00547975256208 18234 -0.00168951467888 34050 -0.00934370455047 -3.79771548623 0.0109629814703 
-0.00547975256208 18232 -0.00168951467888 34064 -0.00934370455047 -3.79771548623 0.0109629814703 
-0.00498408783026 18230 -0.00153669156675 34062 -0.00849853047413 -3.7836550687 0.00997133755776 
-0.00795807622118 18222 -0.0024536302395 34064 -0.0135695749322 -3.7836550687 0.015921201033 
-0.0059754172939 18216 -0.001842337791 34064 -0.0101888786268 -3.81458798726 0.0119546253828 
-0.00399275836661 18222 -0.0012310453425 34072 -0.00680818232145 -3.77240673468 0.00798804973267 
-0.00448842309843 18220 -0.00138386845463 34062 -0.00765335639779 -3.81177590376 0.00897969364522 
-0.00700855936471 18232 -0.00210732128503 34058 -0.0118619019228 -3.81458798726 0.0139379132079 
-0.00700855936471 18220 -0.00210732128503 34072 -0.0118619019228 -3.81177590376 0.0139379132079 
-0.00606710884103 18226 -0.00176846135957 34058 -0.0101476993834 -3.81177590376 0.0119546253828 
-0.00757692065602 18206 -0.00220854640254 34064 -0.0126729740777 -3.81177590376 0.0149295571205 
-0.00602787035878 18228 -0.00180332736457 34048 -0.0101649327296 -3.76397048417 0.0119546253828 
-0.00659499919701 18210 -0.00190936263353 34050 -0.0109757099358 -3.78927923571 0.0129462692954 
-0.00811018320045 18204 -0.00234035744697 34046 -0.0134993443474 -3.80333965324 0.015921201033 
-0.00598850072735 18214 -0.00182473244839 34052 -0.0101843644168 -3.8342725718 0.0119546253828 
-0.0579319785594 18250 0.0235513989521 34174 -0.162999600609 -3.83146048829 0.17458422704 
0.538486984047 19626 0.673042921043 35992 -1.35335758577 -3.74991006664 1.60453474893 
2.30068492661 22778 1.43771753781 37688 -2.80753608899 -3.56431255529 3.90415698212 
3.23657323672 24528 2.57009430454 40004 -3.76976522866 -3.61493005838 5.5939182091 
4.33345079697 26220 3.46230749618 41388 -4.74978306177 -3.59805755735 7.30252067041 
5.04410674326 27666 3.98565484158 42092 -5.23439830799 -3.55306422127 8.2901980073 
5.44624158733 28592 4.46112573648 42666 -5.5880785659 -3.57556088931 8.98831532174 
6.05128849273 29784 4.93960649737 43192 -6.07022249047 -3.54462797075 9.89269456998 
6.58154542184 30886 5.34939051676 43494 -6.59635656097 -3.58118505632 10.7445166909 
7.02625539927 31786 5.85473177738 43808 -7.27370530712 -3.55306422127 11.6855867639 
7.30489530251 32236 6.30793567189 44340 -7.50656888281 -3.63461464292 12.2270243401 
6.87425023075 31264 6.46796344679 44646 -7.28086456895 -3.7274133986 11.9206063711 
6.6188125327 30634 7.06041905224 45498 -6.85081016882 -3.69929256354 11.8571411607 
6.60436998374 30390 7.6085839885 45918 -7.05113873297 -3.73303756561 12.2974310579 
6.68655804024 30440 7.92857324039 46014 -7.06490018171 -3.74428589963 12.5493086117 
6.76323839602 30630 8.19838027847 46186 -7.35208741646 -3.79490340272 12.9231583667 
6.31654805856 29384 8.38513496329 46716 -7.06754898813 -3.89051424191 12.6554145103 
6.46345083386 29846 8.91632592999 46898 -7.04807911735 -3.83989673881 13.0748798853 
-0.00507321936271 18518 -0.000175878714278 31154 -0.00971691693357 -3.8848900749 0.0109629814703 
-0.00461243293802 18532 -0.000201602221231 31166 -0.0088381214988 -3.91863507696 0.00997133755776 
-0.00511264884536 18532 -0.000196642171098 31164 -0.00969582984374 -3.90738674294 0.0109629814703 
-0.00420901064441 18530 -0.000206941667287 31186 -0.00792945789468 -3.91863507696 0.00897969364522 
-0.00468814695217 18522 -0.000196113593939 31174 -0.00879831747006 -3.9383196615 0.00997133755776 
-0.0752366338699 18574 0.0231410635163 31248 -0.285918966246 -3.88207799139 0.296556428283 
0.961498855037 19792 0.778225124378 33250 -1.60327080289 -3.85676923984 2.02499176785 
2.93377089845 23288 2.0834642286 37556 -3.20462965904 -3.77240673468 4.81845266949 
4.66278237924 26808 3.97951181321 41986 -4.62868836334 -3.69648048004 7.681328645 
5.48891912918 28638 5.05696521835 43570 -5.56320115549 -3.72178923159 9.30861630549 
5.99414250469 29414 6.11058629908 45046 -6.7295005576 -3.7808429852 10.8883050582 
5.89424852529 28884 6.72650326334 45514 -7.93655746539 -3.82302423778 11.9572971959 
5.84305690789 28692 6.99139935921 45686 -8.63358807945 -3.82021215427 12.5522835434 
5.99701397702 28918 7.32664661586 45798 -9.28538569751 -4.01705799965 13.2613089409 
6.02475863536 28858 7.56931758099 45942 -9.44891674754 -4.12954133986 13.5231029338 
6.17405049481 28990 7.94571733134 46130 -10.0283065164 -4.16609842543 14.2063455895 
6.12520034651 28850 8.07056234796 46158 -10.3255809543 -4.30107843369 14.4661562946 
5.85132034315 28374 7.72321051384 45980 -9.91619381766 -4.3095146842 13.8642284397 
5.36602749056 27480 6.80127848601 45110 -9.04499302827 -4.33482343575 12.5245175139 
4.75771766223 26650 5.82002261442 42710 -7.91393825341 -4.37700468833 10.9150794438 
4.16775782479 25874 4.86914440879 40760 -6.9476025749 -4.38825302235 9.45240467281 
3.66019356477 25238 4.06702805521 39158 -6.20038738333 -4.4163738574 8.26937348514 
3.28542247172 24730 3.61728732866 38184 -5.70375629295 -4.45293094297 7.51076589204 
2.80843918794 24070 3.0082261896 36810 -4.89503819804 -4.38262885534 6.39516649043 
2.29542387121 23290 2.47978545588 35592 -4.27490355958 -4.39387718936 5.44913819786 
1.45854059555 21964 1.60914507737 33862 -2.96103364441 -4.44449469246 3.67211230658 
0.649488867241 20540 0.769970094126 32258 -1.75553033787 -4.47261552751 2.02400012394 
0.161540850478 19448 0.246477698142 31398 -0.699086599785 -4.39387718936 0.758662491529 
0.000407722659662 18752 -7.24732182443e-05 31152 0.00084023922794 -4.44168260895 -0.000936745480232 
-0.00173691235518 18696 -0.000183710154757 31064 -0.0036223804115 -4.44168260895 0.00402147408249 
-0.00230963767969 18690 -0.000276885999472 31072 -0.00444074993262 -4.45011885947 0.00501311799504 
-0.00472414490302 18682 -0.000465945474928 31086 -0.00876886095456 -4.4135617739 0.00997133755776 
-0.0058260448153 18676 -0.000530428530966 31106 -0.0115491010928 -4.43887052545 0.0129462692954 
-0.00139895110278 18674 -0.000126799491406 31106 -0.00268453507329 -4.41918594091 0.00302983016995 
-0.00237453143406 18686 -0.000204420491853 31118 -0.00441034746515 -4.45011885947 0.00501311799504 
-0.00917814584861 18684 -0.000818773680552 31108 -0.0176242704769 -4.42762219143 0.0198877766832 
-0.127783118826 18470 -0.13808943369 30534 -0.24318143138 -4.41918594091 0.307464511321 
-0.565644489843 17416 -0.754830850743 29056 -0.246153222413 -4.43043427493 0.974840864464 
-0.911069658725 16622 -1.26672762986 28174 -0.220060401397 -4.4135617739 1.57577707547 
-1.52672550356 15206 -2.71453712687 25560 -0.298508904448 -4.43043427493 3.12869144251 
-2.68313840664 13136 -4.14123287704 23132 0.139925151324 -4.43043427493 4.93645829508 
-3.1670867816 12350 -4.9611811662 21968 0.297226342032 -4.41918594091 5.89339467068 
-3.54135400907 11460 -5.58668741909 19246 0.298054860266 -4.41074969039 6.62126130249 
-3.63191593208 11460 -6.01533723073 19118 -0.037901494572 -4.4163738574 7.02684366272 
-4.15265397571 11426 -6.50445872757 18586 0.000290390625926 -4.44730677596 7.71702782585 
-4.65619187297 11378 -6.9615196015 17924 0.076006501129 -4.44449469246 8.37547938378 
-4.5736367664 11378 -7.46282837699 17050 0.0906929410092 -4.46417927699 8.75329571446 
-4.86577034579 11386 -7.77540863029 16382 0.0827380114207 -4.48105177803 9.17276108947 
-5.24868510405 11362 -8.14861065402 15420 0.179379789595 -4.48667594504 9.69436578747 
-5.65881121965 11348 -8.46284668146 14864 0.190762186592 -4.58228678422 10.1822545924 
-6.03290494409 11344 -9.06740924711 13804 0.471413900166 -4.66102512237 10.901196429 
-6.39952496243 11344 -9.57808037138 12912 0.704753259028 -4.68914595742 11.5408067526 
-6.69194006416 11338 -9.8883068376 12316 0.878763323571 -4.76788429557 11.9721718546 
-6.23846286996 11340 -9.24541340895 12766 0.838934043392 -4.86068305125 11.184806588 
-5.69656706976 11336 -8.32730173982 14680 0.578224840247 -4.73132721 10.1058980112 
-4.5651124347 11650 -6.78740765931 19128 0.294009798306 -4.64415262134 8.18508375257 
-4.0373959901 12042 -6.21790873805 20520 0.11396586416 -4.54572969865 7.41457643253 
-3.28295777481 12982 -5.39487172025 23032 -0.14087560081 -4.45293094297 6.31682662134 
-2.74983587291 14014 -4.4962675326 25586 -0.341694788312 -4.40793760689 5.28155037664 
-2.10755698128 15218 -3.59099669268 27990 -0.483298951004 -4.32919926874 4.19173371676 
-1.50795843917 16250 -2.50224871107 30088 -0.464045340062 -4.25046093059 2.95812868955 
-0.585534473741 17980 -0.769227456196 33310 -0.287446053675 -4.21671592853 1.00855675749 
-0.00312901400602 19102 -0.00433050355728 34924 -0.00451726739195 -4.09017217078 0.00699640582013 
0.00370994568998 19076 0.00167097032804 34874 0.0055560367211 -4.09298425429 -0.0068866089555 
0.00282910461783 19084 0.0012499695102 34906 0.00501840175181 -4.11266883883 -0.00589496504295 
0.00352388663965 19046 0.000812428972718 34896 0.00465540492039 -4.08173592027 -0.00589496504295 
0.00332450186016 19074 0.000840688137089 34900 0.00479494981158 -4.14078967388 -0.00589496504295 
0.0044125277081 19060 0.00109796654947 34880 0.00643357885895 -4.13516550687 -0.00787825286804 
0.00104708556632 19072 0.000312361883774 34888 0.00158893911794 -4.09298425429 -0.00192838939277 

 
