-0.00709157494392 19070 -0.00171873564454 34818 -0.010693989025 -4.12110508934 0.0129462692954 
-0.00709157494392 19070 -0.00171873564454 34818 -0.010693989025 -4.13797759038 0.0129462692954 
-0.00709157494392 19072 -0.00171873564454 34812 -0.010693989025 -4.13797759038 0.0129462692954 
-0.00383241960131 19082 -0.000928836855801 34800 -0.00577923147959 -4.14641384089 0.00699640582013 
-0.00437561215841 19084 -0.00106048665392 34812 -0.00659835773717 -4.08736008728 0.00798804973267 
-0.00545592329022 19082 -0.00131456323755 34802 -0.00824211121234 -4.15485009141 0.00997133755776 
-0.00382815778131 19082 -0.000922365513434 34802 -0.00578309123747 -4.15485009141 0.00699640582013 
-0.00382815778131 19056 -0.000922365513434 34810 -0.00578309123747 -4.13516550687 0.00699640582013 
-0.00436893836427 19070 -0.00105405580453 34812 -0.00660380817875 -4.13516550687 0.00798804973267 
-0.00599603056256 19068 -0.00144661020405 34816 -0.00906321682012 -4.12110508934 0.0109629814703 
-0.00382657429817 19068 -0.000923204338024 34814 -0.0057840052983 -4.14360175739 0.00699640582013 
-0.00708075869476 19068 -0.00170831313706 34812 -0.010702822581 -4.14360175739 0.0129462692954 
-0.00816548682696 19070 -0.00197001607007 34804 -0.0123424283419 -4.0957963378 0.0149295571205 
-0.00382657429817 19074 -0.000923204338024 34818 -0.0057840052983 -4.09298425429 0.00699640582013 
-0.00545366649647 19080 -0.00131575873754 34814 -0.00824341393967 -4.15766217491 0.00997133755776 
-0.00274207462269 19074 -0.000658688824537 34820 -0.00414469634934 -4.15766217491 0.00501311799504 
-0.004911711651 19062 -0.00117986926654 34810 -0.00742414272042 -4.13516550687 0.00897969364522 
-0.00436930239392 19072 -0.00104957415604 34810 -0.00660428112765 -4.13797759038 0.00798804973267 
-0.00545412090808 19062 -0.00131016437704 34816 -0.0082440043132 -4.13797759038 0.00997133755776 
-0.00491092185607 19072 -0.00118364095543 34810 -0.00742406482825 -4.10423258831 0.00897969364522 
-0.00328395574031 19072 -0.000791506080523 34814 -0.00496450585526 -4.12110508934 0.00600476190758 
-0.00436859981748 19072 -0.00105292933046 34810 -0.00660421183726 -4.11266883883 0.00798804973267 
-0.0038262777789 19066 -0.000922217705492 34812 -0.00578435884626 -4.14641384089 0.00699640582013 
-0.0038262777789 19062 -0.000922217705492 34798 -0.00578435884626 -4.14641384089 0.00699640582013 
-0.00436859981748 19068 -0.00105292933046 34806 -0.00660421183726 -4.13797759038 0.00798804973267 
-0.00436780948711 19064 -0.00105017261326 34800 -0.00660517344952 -4.13797759038 0.00798804973267 
-0.00382558556087 19068 -0.000919803209722 34812 -0.00578520108308 -4.13516550687 0.00699640582013 
-0.00274113770839 19066 -0.000659064402652 34816 -0.00414525635021 -4.13797759038 0.00501311799504 
-0.00328336163463 19060 -0.000789433806187 34816 -0.00496522871665 -4.13797759038 0.00600476190758 
-0.00382627638522 19068 -0.000920303185485 34812 -0.00578466468091 -4.12672925635 0.00699640582013 
-0.00382627638522 19050 -0.000920303185485 34804 -0.00578466468091 -4.11829300584 0.00699640582013 
-0.00328395454417 19050 -0.00078986291729 34804 -0.00496476834208 -4.11829300584 0.00600476190758 
-0.00545324190838 19070 -0.00131162399007 34822 -0.00824435369742 -4.12391717285 0.00997133755776 
-0.00382627638522 19072 -0.000920303185485 34814 -0.00578466468091 -4.16609842543 0.00699640582013 
-0.00599556374943 19046 -0.00144206425827 34808 -0.00906425003626 -4.12672925635 0.0109629814703 
-0.00545412279978 19046 -0.00131289322239 34808 -0.00824356892143 -4.12672925635 0.00997133755776 
-0.00436930390937 19066 -0.00105176023711 34808 -0.00660393233482 -4.11266883883 0.00798804973267 
-0.00816617002582 19080 -0.00196572568556 34818 -0.012342660388 -4.13797759038 0.0149295571205 
-0.00382483607363 19060 -0.000922902056611 34820 -0.00578520312553 -4.13797759038 0.00699640582013 
-0.00382483607363 19060 -0.000922902056611 34820 -0.00578520312553 -4.13797759038 0.00699640582013 
-0.00653542455749 19082 -0.00157694516806 34812 -0.00988506640517 -4.11829300584 0.0119546253828 
-0.00545118916395 19074 -0.00131532792348 34804 -0.00824512109331 -4.11829300584 0.00997133755776 
-0.00382483607363 19078 -0.000922902056611 34812 -0.00578520312553 -4.11829300584 0.00699640582013 
-0.0043669537704 19066 -0.0010537106789 34816 -0.00660517578146 -4.11829300584 0.00798804973267 
-0.00328271837686 19064 -0.000792093434321 34806 -0.00496523046961 -4.11266883883 0.00600476190758 
-0.0043669537704 19054 -0.0010537106789 34818 -0.00660517578146 -4.11266883883 0.00798804973267 
-0.00491076045978 19060 -0.00118385414342 34816 -0.00742413759542 -4.11548092233 0.00897969364522 
-0.00599536889038 19062 -0.00144532447883 34812 -0.00906385964904 -4.13235342336 0.0109629814703 
-0.00491076045978 19062 -0.00118385414342 34812 -0.00742413759542 -4.14360175739 0.00897969364522 
-0.00436780206817 19078 -0.00105235168739 34812 -0.00660483153086 -4.12672925635 0.00798804973267 
-0.00436780206817 19060 -0.00105235168739 34806 -0.00660483153086 -4.13516550687 0.00798804973267 
-0.0059944710839 19074 -0.00144427143485 34806 -0.00906462129187 -4.13235342336 0.0109629814703 
-0.00491002507341 19074 -0.00118299160321 34806 -0.00742476145119 -4.14078967388 0.00897969364522 
-0.00328335605768 19068 -0.000791071855745 34808 -0.00496497169018 -4.13516550687 0.00600476190758 
-0.00382557906292 19070 -0.000921711771566 34820 -0.00578490161052 -4.13235342336 0.00699640582013 
-0.00491668160759 19074 -0.00119125903713 34804 -0.00741903240578 -4.13235342336 0.00897969364522 
-0.0032878073123 19074 -0.000796600326343 34804 -0.0049611406515 -4.13235342336 0.00600476190758 
-0.0032878073123 19074 -0.000796600326343 34804 -0.0049611406515 -4.13235342336 0.00600476190758 
-0.0032878073123 19074 -0.000796600326343 34804 -0.0049611406515 -4.13235342336 0.00600476190758 
-0.00328522511249 19090 -0.00079368784052 34804 -0.00496331755369 -4.11829300584 0.00600476190758 
-0.00437028844532 19074 -0.00105583169489 34814 -0.00660263105651 -4.11829300584 0.00798804973267 
-0.00654041511098 19072 -0.00158011940363 34802 -0.00988125806214 -4.11548092233 0.0119546253828 
-0.00437028844532 19060 -0.00105583169489 34806 -0.00660263105651 -4.11548092233 0.00798804973267 
-0.00437028844532 19060 -0.00105583169489 34806 -0.00660263105651 -4.11548092233 0.00798804973267 
-0.00437028844532 19060 -0.00105583169489 34806 -0.00660263105651 -4.11548092233 0.00798804973267 
-0.00437028844532 19074 -0.00105583169489 34812 -0.00660263105651 -4.11266883883 0.00798804973267 
-0.00436994867393 19074 -0.00105252046362 34810 -0.006603384571 -4.11266883883 0.00798804973267 
-0.00491243816081 19084 -0.00118318133148 34832 -0.0074231348644 -4.12391717285 0.00897969364522 
-0.00274248021329 19084 -0.00066053786004 34832 -0.00414413369081 -4.12391717285 0.00501311799504 
-0.00491825300876 19072 -0.00118862123137 34814 -0.00741841390542 -4.10704467182 0.00897969364522 
-0.006004516271 19070 -0.00145114444318 34812 -0.00905687180403 -4.14078967388 0.0109629814703 
-0.006004516271 19064 -0.00145114444318 34810 -0.00905687180403 -4.14078967388 0.0109629814703 
-0.0032888581154 19072 -0.000794836413656 34826 -0.00496072705751 -4.09298425429 0.00600476190758 
-0.00219783261913 19074 -0.000528609925679 34814 -0.00332601219494 -4.09298425429 0.00402147408249 
-0.00328174726976 19070 -0.000789306776714 34814 -0.00496631606288 -4.0986084213 0.00600476190758 
-0.00436566192038 19066 -0.00105000362775 34806 -0.00660661993082 -4.11829300584 0.00798804973267 
-0.00491495631553 19070 -0.00118533496145 34812 -0.00742112413368 -4.10704467182 0.00897969364522 
-0.000572815745232 19050 -0.000138145384354 34808 -0.000864898175729 -4.14641384089 0.00104654234486 
-0.00274388603038 19074 -0.000661740172904 34816 -0.0041430111547 -4.14641384089 0.00501311799504 
-0.00600549444154 19078 -0.00144954885838 34822 -0.00905647874938 -4.13235342336 0.0109629814703 
-0.00437583411029 19064 -0.00105619702104 34814 -0.00659889856139 -4.12110508934 0.00798804973267 
-0.00383261399988 19068 -0.000925079741927 34820 -0.00577970516539 -4.12110508934 0.00699640582013 
-0.00383261399988 19068 -0.000925079741927 34822 -0.00577970516539 -4.10142050481 0.00699640582013 
-0.00382662515628 19056 -0.0009195985029 34802 -0.00578454604154 -4.10142050481 0.00699640582013 
-0.00491136770535 19056 -0.00118027928124 34802 -0.00742430508823 -4.10142050481 0.00897969364522 
-0.00436899643081 19056 -0.00104993889207 34816 -0.00660442556488 -4.13235342336 0.00798804973267 
-0.00328425388175 19062 -0.00078925811373 34816 -0.0049646665182 -4.13235342336 0.00600476190758 
-0.00328425388175 19068 -0.00078925811373 34822 -0.0049646665182 -4.13235342336 0.00600476190758 
-0.00436899643081 19064 -0.00104993889207 34814 -0.00660442556488 -4.13516550687 0.00798804973267 
-0.0049178164985 19058 -0.00118707704653 34808 -0.00741895052784 -4.10423258831 0.00897969364522 
-0.0049178164985 19056 -0.00118707704653 34822 -0.00741895052784 -4.10423258831 0.00897969364522 
-0.006547066778 19064 -0.00158035028282 34818 -0.00987681515633 -4.07611175326 0.0119546253828 
-0.00383164964551 19064 -0.000924894889005 34818 -0.00578037410885 -4.07611175326 0.00699640582013 
-0.00653862507264 19072 -0.00158045719382 34830 -0.00988238864153 -4.11548092233 0.0119546253828 
-0.00653862507264 19076 -0.00158045719382 34816 -0.00988238864153 -4.10704467182 0.0119546253828 
-0.00653862507264 19070 -0.00158045719382 34816 -0.00988238864153 -4.13516550687 0.0119546253828 
-0.00274194280161 19072 -0.00066275756412 34818 -0.00414413490563 -4.12391717285 0.00501311799504 
-0.00491147552792 19072 -0.00118715735252 34806 -0.00742313704043 -4.13797759038 0.00897969364522 
-0.00436909234634 19050 -0.00105605740542 34822 -0.00660338650673 -4.14078967388 0.00798804973267 
-0.00816800911242 19074 -0.00196925138666 34822 -0.0123408813271 -4.14078967388 0.0149295571205 
-0.0108806671131 19072 -0.00262325476201 34820 -0.016439381954 -4.13797759038 0.0198877766832 
-0.00653788797183 19072 -0.00157577583034 34820 -0.00988362380125 -4.14360175739 0.0119546253828 
-0.00654564430494 19062 -0.00158302808057 34822 -0.00987732913158 -4.12672925635 0.0119546253828 
-0.00599577594534 19050 -0.00144481344125 34826 -0.00906367186363 -4.1492259244 0.0109629814703 
-0.00599577594534 19060 -0.00144481344125 34824 -0.00906367186363 -4.12110508934 0.0109629814703 
0.0640069053206 19118 -0.00562433956623 34874 0.104776390758 -4.11829300584 -0.122908946723 
-0.0621846314621 19626 0.646733882487 37096 -1.18187763494 -4.0986084213 1.34869061949 
0.852715156386 20990 1.13707964843 37248 -1.90406484658 -4.06486341924 2.37603371289 
1.95804937526 23014 2.65982551441 39894 -3.46194698067 -3.98050091408 4.78473677646 
3.42951638282 25164 4.44316921953 42474 -4.48644302765 -3.93269549449 7.18550668873 
4.74987769533 27132 6.35967970378 45010 -5.43307585988 -3.94956799552 9.61900085011 
5.62032907553 28628 6.74880986908 45246 -6.60886770386 -3.9917492481 10.9914360251 
5.74663331713 28642 7.40747779646 45538 -7.72320062197 -4.02830633367 12.1467011832 
6.22764341359 29504 8.30477894058 46028 -8.40653720494 -4.202655511 13.3574984004 
6.47079155487 29950 8.8185044801 46244 -8.58858802889 -4.27014551513 13.906869128 
6.39176717629 29666 8.94062243026 46304 -8.54549781959 -4.29826635018 13.9217437866 
6.46146037855 29800 9.14714149418 46374 -8.73907392019 -4.32638718523 14.2053539456 
6.48750097358 29858 9.27474179142 46424 -8.81821543407 -4.35169593678 14.348150669 
6.56909865219 30110 9.46014095146 46482 -8.99066937498 -4.37981677183 14.6109363059 
6.49600928376 29570 9.47505709979 46944 -9.08725133904 -4.52323303061 14.6476271306 
6.50974853443 29558 9.46501920624 46936 -9.01738595814 -4.53448136463 14.6039947985 
6.34433917894 29212 9.1970270136 46792 -8.82855625349 -4.46417927699 14.2400614826 
5.91443654801 28476 8.52536130797 46390 -8.51077566856 -4.49792427906 13.4199719669 
5.58881371133 27916 7.91359884117 45976 -8.09305007539 -4.50073636256 12.6236819051 
5.01000247428 27064 6.73676465788 44474 -7.36019803347 -4.55697803267 11.1649737098 
4.33737348696 26048 5.67204459376 42098 -6.58933176547 -4.50917261308 9.71618195354 
3.73483637154 25216 4.72237377228 40238 -5.71764605888 -4.48386386153 8.30308937817 
3.08995537416 24232 3.72760765051 38042 -4.65774466359 -4.57666261721 6.71844240592 
2.29243019005 23034 2.6756101244 36018 -3.53355979265 -4.5176088636 4.99000706636 
1.2134594118 21290 1.52410611311 33754 -2.05570341082 -4.48667594504 2.83218991266 
0.316757997425 19588 0.500150404781 31948 -0.76823582873 -4.4669913605 0.969882644901 
-0.081492169914 18628 0.132728032384 31726 -0.351885120223 -4.49230011205 0.3848127365 
-0.00235715401317 18428 0.000267481177539 31414 -0.00441629152231 -4.49792427906 0.00501311799504 
-0.00251011660248 18418 4.9060943618e-05 31442 -0.00433915426068 -4.51479678009 0.00501311799504 
-0.000495395924992 18430 4.23243622731e-07 31432 -0.000921864186282 -4.46417927699 0.00104654234486 
-0.00542491633989 18422 1.25108079804e-05 31448 -0.00952665150528 -4.49792427906 0.0109629814703 
-0.00590587372785 18432 0.000271668457192 31458 -0.0103903763072 -4.50073636256 0.0119546253828 
-0.00298978942155 18430 7.12708303539e-05 31458 -0.00520703804963 -4.48667594504 0.00600476190758 
-0.00199946775381 18430 3.58322173226e-05 31452 -0.00348899678272 -4.47261552751 0.00402147408249 
-0.0043679513876 18436 0.000128519908312 31460 -0.00784470402697 -4.46136719349 0.00897969364522 
-0.0181517485257 18422 -0.002803845993 31408 -0.0247191716907 -4.49230011205 0.0307958597212 
0.110331708483 18288 0.0655637422913 31174 0.128374070823 -4.4669913605 0.181525734428 
0.0882189510948 18286 0.0978829486093 31030 0.113007654414 -4.47823969452 0.173592583128 
0.0789090147462 18162 0.0708069496173 30922 0.0850370653758 -4.41074969039 0.135910114451 
0.0997132585053 18160 0.0849415685563 30944 0.0805247965116 -4.47261552751 0.153759704877 
0.0831821739113 18196 0.0912847936807 30962 0.0737475253012 -4.51198469659 0.143843265751 
0.186027266036 18102 0.226922790008 30712 0.123535470635 -4.5176088636 0.318372594359 
0.578388570189 16990 1.40693824707 28494 0.292234090926 -4.44730677596 1.54900268983 
0.635961154818 16764 1.76788549896 27962 0.224098501541 -4.47823969452 1.89211148357 
0.958263869478 15794 2.95408894074 25488 0.0881071504197 -4.4135617739 3.10687527643 
1.34148352422 14910 4.47595717155 23208 -0.0133121914434 -4.48105177803 4.67268101434 
1.68027257087 13938 5.61419169785 20510 -0.0706644018093 -4.43043427493 5.86067042157 
1.82523075188 13706 6.57015573811 19550 0.148058772677 -4.42762219143 6.82058172891 
2.00058788322 13524 7.68146532104 17744 0.493527308414 -4.40231343988 7.95303907704 
2.38150177981 12928 8.68095585347 15954 0.738602169923 -4.52604511411 9.03194765389 
2.57605351993 12534 9.4271063458 14462 0.69610118468 -4.44730677596 9.79749675437 
-2.74694498555 12322 -10.0976341339 13222 -0.937595793265 -4.46417927699 10.5065221518 
-2.86777830157 12144 -10.7033581596 12248 -1.08862786006 -4.57947470071 11.1342327485 
-3.52075935999 11532 -11.5695365163 10772 -0.615152464322 -4.66383720587 12.1090187145 
-4.05682206244 11436 -12.1067124273 9986 -0.169272514185 -4.76788429557 12.7694535603 
-4.10382374345 11370 -11.723813069 10256 -0.0410067742235 -4.85787096774 12.421386547 
-3.45124308469 11478 -9.90584281781 14540 -0.428450979155 -4.7819447131 10.4985890005 
-2.76114190708 12692 -8.3678700654 18262 -0.593829115314 -4.61040761927 8.83163558355 
-2.38039895194 13088 -7.32909371433 20232 -0.497146499308 -4.5204209471 7.72198604542 
1.61977182375 14788 5.41243325895 24796 0.483654478534 -4.39950135637 5.67027479036 
0.717438136181 17286 2.87557594788 30022 0.506661706208 -4.2560850976 3.00671924127 
0.244061039575 18692 0.715350007504 33602 0.300012571772 -4.17453467595 0.813202906719 
0.0351502196205 18978 0.032899263376 34556 0.0541328426417 -4.15485009141 0.0724449040481 
0.00421832051636 18996 0.00155111895816 34726 0.00647044590826 -4.18297092646 -0.00787825286804 
0.00251767609116 19012 0.00103529113309 34700 0.00407823950715 -4.14078967388 -0.00490332113041 
0.0031455032325 19006 0.000936990653037 34710 0.00489678167658 -4.13797759038 -0.00589496504295 
0.00201915992511 18998 0.000605946753658 34700 0.00329500233464 -4.0957963378 -0.00391167721786 
0.00399628590298 18996 0.00122348880543 34696 0.0066782963679 -4.10423258831 -0.00787825286804 
0.00309758521974 18978 0.000839115501192 34700 0.00494484214508 -4.13235342336 -0.00589496504295 
0.00253577040928 18990 0.00069626064183 34680 0.00413855622868 -4.16047425842 -0.00490332113041 
0.00398897843803 19010 0.00120286284469 34672 0.0066864071257 -4.14078967388 -0.00787825286804 
0.00502519844897 18996 0.00142771789301 34686 0.0083641489112 -4.13797759038 -0.00986154069313 
0.0552529208274 19044 0.0541358335083 34626 0.0838680828812 -4.11548092233 0.114093948375 
0.65892940085 17854 1.3741953206 31406 0.175920668107 -4.12954133986 1.53412803114 
1.68755215815 15496 4.15493853493 25036 0.397142699764 -4.17453467595 4.50211826138 
-2.13455730662 14678 -5.03553685585 22936 -0.0867515798685 -4.15485009141 5.46996272003 
-2.55783005942 14070 -5.90440797102 20626 0.167529482149 -4.14360175739 6.43681553476 
-2.85614489897 13998 -6.50893233662 19198 0.127480993907 -4.18578300997 7.10915010746 
-2.90465801791 13824 -6.45908916654 18602 0.243672104866 -4.14641384089 7.08634229748 
-1.78099726948 14954 -3.6857507232 26534 0.0230595513055 -4.14078967388 4.09356096942 
-0.615461030973 17642 -1.17345390553 32694 -0.266858414398 -4.02830633367 1.35166555123 
-0.00747419166462 18924 -0.00647240042863 35048 -0.0111864278242 -3.92425924397 0.0149295571205 
-0.00656531202494 18932 9.67036286964e-05 35196 -0.00750432536036 -4.00299758212 0.00997133755776 
0.00108518836728 18936 0.000267147285336 35140 0.0015715228874 -3.98331299758 -0.00192838939277 
0.00316476978418 18932 0.000887655758059 35132 0.00489355824794 -3.96925258006 -0.00589496504295 
0.00210561983085 18922 0.000507429427179 35132 0.00325731471632 -3.95800424603 -0.00391167721786 
0.0043069482592 18936 0.00104394604477 35128 0.00651361970037 -3.97768883057 -0.00787825286804 
0.00214012554068 18928 0.000490847496051 35116 0.00323730598839 -3.97206466356 -0.00391167721786 
0.00481249901794 18930 0.00111220234216 35134 0.007367355567 -3.95519216253 -0.00886989678058 
0.00267451390819 18910 0.000593837630198 35116 0.00406655755298 -3.97206466356 -0.00490332113041 
0.00476572746684 18934 0.00118692551505 35106 0.00738607598334 -3.96362841304 -0.00886989678058 
0.00266157868014 18924 0.000601809510973 35098 0.00407386577464 -4.00299758212 -0.00490332113041 
0.00314604952692 18944 0.00077223301019 35116 0.00492510318773 -3.9917492481 -0.00589496504295 
0.00261423027043 18928 0.000632199879833 35108 0.00409983920575 -3.95519216253 -0.00490332113041 
0.00211701986578 18936 0.000473274168144 35114 0.00325506637512 -3.98050091408 -0.00391167721786 
0.00157951708605 18938 0.000351073414505 35104 0.00243073399134 -3.9917492481 -0.00292003330532 
-0.00892516763465 18918 -0.00185072984765 35134 -0.0142464208094 -3.9945613316 0.0169128449456 
0.0599864923493 18956 0.0120975184073 35140 0.0817098557195 -3.98893716459 -0.10208442456 
-0.74848536481 18428 0.135240661842 35510 -0.17937517722 -3.95238007902 0.781470301517 
-3.39015505914 12764 0.0474672451316 34622 1.17348470729 -4.10704467182 3.58782257402 
-5.9787827884 11314 0.141962810625 34178 2.70735713926 -4.11548092233 6.56473759948 
-7.35299892968 11260 0.193954132204 33670 3.51751666195 -4.23077634605 8.15335114737 
-8.49205840756 11218 0.267809836758 33338 4.75834312253 -4.32919926874 9.73799811962 
-9.40379660131 11194 0.381848820489 33368 5.60424106672 -4.29545426667 10.9537535564 
-8.34266972591 11200 0.49145098966 33758 4.81855258348 -4.33763551925 9.64676687967 
-7.04282108512 11246 0.356753562945 34100 3.80005003094 -4.24202468007 8.01055442397 
-5.39484377978 11294 0.246982468701 34140 2.48065198798 -4.12391717285 5.94297686631 
-3.46722934196 12664 0.0929457958859 34308 1.19676682975 -3.93550757799 3.66913737485 
-0.907774240666 17778 -0.0446371854647 34338 0.0307883975673 -3.74709798313 0.909392366236 
0.0571651327881 19666 0.00674315625583 34240 0.0485621189748 -3.64867506045 -0.0753100389211 
0.00104928699482 19642 0.000212541980772 34254 0.00160390409909 -3.66835964498 -0.00192838939277 
0.0015459280972 19632 0.000359366843042 34232 0.00245103167963 -3.66273547797 -0.00292003330532 
0.0570381476495 19712 0.0437857521886 34228 0.126739223623 -3.64023880993 -0.145716756712 

 
