-0.00906136531626 19282 -0.00148288316548 34950 -0.0142034165001 -3.47151379961 0.0169128449456 
-0.00906136531626 19282 -0.00148288316548 34950 -0.0142034165001 -3.47151379961 0.0169128449456 
-0.00959000503939 19290 -0.0015840668188 34954 -0.0150363977378 -3.47151379961 0.0179044888581 
-0.012776871817 19290 -0.00211047007902 34950 -0.0200331622033 -3.48276213363 0.0238543523334 
-0.0111834384282 19280 -0.00184726844891 34956 -0.0175347799705 -3.44339296456 0.0208794205958 
-0.012245727354 19284 -0.00202273620232 34952 -0.0192003681257 -3.49401046765 0.0228627084208 
-0.012776871817 19296 -0.00211047007902 34944 -0.0200331622033 -3.46870171611 0.0238543523334 
-0.0101211495023 19302 -0.0016718006955 34948 -0.0158691918154 -3.46870171611 0.0188961327707 
-0.0127821582849 19282 -0.00211910967901 34950 -0.0200288773773 -3.48838630064 0.0238543523334 
-0.00906260870639 19284 -0.00150245845801 34946 -0.0142005656989 -3.48838630064 0.0169128449456 
-0.0127821582849 19280 -0.00211910967901 34954 -0.0200288773773 -3.48276213363 0.0238543523334 
-0.0117194298339 19296 -0.00194292361587 34946 -0.0183636454692 -3.48557421714 0.0218710645083 
-0.0127664966915 19278 -0.00210388840788 34942 -0.0200404675853 -3.45464129858 0.0238543523334 
-0.00958221772598 19278 -0.00157912677868 34942 -0.0150418809774 -3.45464129858 0.0179044888581 
-0.00958221772598 19286 -0.00157912677868 34946 -0.0150418809774 -3.48838630064 0.0179044888581 
-0.0106436440478 19282 -0.00175404732174 34948 -0.0167080765134 -3.49119838415 0.0198877766832 
-0.0127664966915 19280 -0.00210388840788 34948 -0.0200404675853 -3.48838630064 0.0238543523334 
-0.0122357835306 19280 -0.00201642813635 34942 -0.0192073698173 -3.47995005013 0.0228627084208 
-0.0127735260963 19284 -0.00210396774419 34958 -0.0200359795379 -3.46870171611 0.0238543523334 
-0.0133045314751 19282 -0.0021914313138 34948 -0.0208688907343 -3.46870171611 0.0248459962459 
-0.0106495045814 19302 -0.00175411346577 34956 -0.0167043347524 -3.48276213363 0.0198877766832 
-0.0111805099602 19300 -0.00184157703537 34944 -0.0175372459488 -3.47432588312 0.0208794205958 
-0.0111847108506 19284 -0.00184948339359 34944 -0.0175337348782 -3.48557421714 0.0208794205958 
-0.012247120641 19294 -0.00202516153946 34948 -0.0191992237625 -3.50807088518 0.0228627084208 
-0.00959109616514 19294 -0.00158596617478 34940 -0.0150355015518 -3.49119838415 0.0179044888581 
-0.0101223010603 19292 -0.00167380524771 34950 -0.0158682459939 -3.49119838415 0.0188961327707 
-0.0101223010603 19294 -0.00167380524771 34968 -0.0158682459939 -3.50807088518 0.0188961327707 
-0.0106505491837 19292 -0.00176238790074 34946 -0.0167027977409 -3.47713796662 0.0198877766832 
-0.00905737678967 19298 -0.0014987594528 34944 -0.0142042940671 -3.47713796662 0.0169128449456 
-0.008526319325 19282 -0.00141088330349 34942 -0.0133714595092 -3.47432588312 0.015921201033 
-0.0138368939717 19282 -0.00228964479661 34942 -0.0216998050885 -3.47432588312 0.0258376401585 
-0.0122437215777 19296 -0.00202601634867 34948 -0.0192013014147 -3.49401046765 0.0228627084208 
-0.0117175102012 19282 -0.00192947299009 34942 -0.018366288449 -3.47995005013 0.0218710645083 
-0.0106549558242 19294 -0.00175450664181 34952 -0.0167008168731 -3.47995005013 0.0198877766832 
-0.00959240144723 19292 -0.00157954029352 34950 -0.0150353452972 -3.50525880167 0.0179044888581 
-0.0127800645781 19292 -0.00210443933837 34950 -0.0200317600249 -3.50525880167 0.0238543523334 
-0.0101145873323 19296 -0.00166388048082 34954 -0.0158742073355 -3.47151379961 0.0188961327707 
-0.0122377876882 19296 -0.00201315341831 34954 -0.0192064364771 -3.47151379961 0.0228627084208 
-0.0122377876882 19296 -0.00201315341831 34954 -0.0192064364771 -3.47151379961 0.0228627084208 
-0.0117069875992 19288 -0.00192583518393 34946 -0.0183733791917 -3.45745338208 0.0218710645083 
-0.00852218706536 19294 -0.0014019257777 34948 -0.0133750354792 -3.4658896326 0.015921201033 
-0.0127707909447 19304 -0.0020952407878 34946 -0.020038637427 -3.4658896326 0.0238543523334 
-0.0127707909447 19298 -0.0020952407878 34960 -0.020038637427 -3.4658896326 0.0238543523334 
-0.0127707909447 19286 -0.0020952407878 34954 -0.020038637427 -3.48276213363 0.0238543523334 
-0.0106472242393 19286 -0.00174683765474 34958 -0.0167065506795 -3.48838630064 0.0198877766832 
-0.0111781159157 19292 -0.001833938438 34936 -0.0175395723664 -3.47995005013 0.0208794205958 
-0.0106472242393 19292 -0.00174683765474 34936 -0.0167065506795 -3.47995005013 0.0198877766832 
-0.0101163325629 19292 -0.00165973687147 34954 -0.0158735289926 -3.45182921507 0.0188961327707 
-0.0127816312845 19290 -0.00210140285705 34954 -0.0200310791767 -3.45464129858 0.0238543523334 
-0.0122566933797 19290 -0.0020265234274 34956 -0.0191929702373 -3.45464129858 0.0228627084208 
-0.0127883134814 19276 -0.00211442157067 34944 -0.02002544344 -3.47151379961 0.0238543523334 
-0.0111934531761 19290 -0.00185072714085 34966 -0.0175280238321 -3.49119838415 0.0208794205958 
-0.0122566933797 19284 -0.0020265234274 34946 -0.0191929702373 -3.46307754909 0.0228627084208 
-0.0111934531761 19296 -0.00185072714085 34954 -0.0175280238321 -3.49682255116 0.0208794205958 
-0.00853535266713 19288 -0.00141123642448 34956 -0.0133656578191 -3.49682255116 0.015921201033 
-0.0106568201647 19286 -0.00176211335919 34954 -0.0166988263626 -3.48276213363 0.0198877766832 
-0.0106568201647 19290 -0.00176211335919 34944 -0.0166988263626 -3.50807088518 0.0198877766832 
-0.0127823007574 19294 -0.0021135631997 34964 -0.0200293725112 -3.50807088518 0.0238543523334 
-0.0106568201647 19294 -0.00176211335919 34964 -0.0166988263626 -3.49401046765 0.0198877766832 
-0.0122409626033 19282 -0.00201937420414 34956 -0.0192037600148 -3.4658896326 0.0228627084208 
-0.0101172114141 19296 -0.00166902198868 34956 -0.0158719952271 -3.47151379961 0.0188961327707 
-0.0122409626033 19296 -0.00201937420414 34956 -0.0192037600148 -3.47151379961 0.0228627084208 
-0.0122409626033 19292 -0.00201937420414 34948 -0.0192037600148 -3.44058088105 0.0228627084208 
-0.011710024806 19288 -0.00193178615027 34954 -0.0183708188178 -3.47151379961 0.0218710645083 
-0.0127719004006 19288 -0.002106962258 34950 -0.0200367012117 -3.4658896326 0.0238543523334 
-0.0127719004006 19288 -0.002106962258 34952 -0.0200367012117 -3.46307754909 0.0238543523334 
-0.01117781609 19300 -0.00184198535335 34948 -0.0175389202014 -3.4658896326 0.0208794205958 
-0.010116061217 19296 -0.00166701942896 34952 -0.0158729387753 -3.4658896326 0.0188961327707 
-0.010116061217 19292 -0.00166701942896 34958 -0.0158729387753 -3.44058088105 0.0188961327707 
-0.0117086935265 19270 -0.00192946831554 34948 -0.0183719109144 -3.47713796662 0.0218710645083 
-0.0117111728423 19270 -0.00194088569041 34948 -0.0183691277996 -3.47713796662 0.0218710645083 
-0.014897111941 19292 -0.00246888947709 34964 -0.0233663149519 -3.4658896326 0.0278209279836 
-0.0106491931428 19284 -0.00176488442819 34952 -0.0167033987489 -3.47713796662 0.0198877766832 
-0.00905622359342 19284 -0.00150088253485 34952 -0.0142048051727 -3.47713796662 0.0169128449456 
-0.0122421626921 19296 -0.00202888632152 34956 -0.019201992325 -3.46870171611 0.0228627084208 
-0.0106491931428 19298 -0.00176488442819 34958 -0.0167033987489 -3.49963463466 0.0198877766832 
-0.0101243715876 19302 -0.00168512503716 34962 -0.0158657268114 -3.49682255116 0.0188961327707 
-0.00959305803388 19296 -0.00159669191673 34950 -0.0150331145726 -3.46307754909 0.0179044888581 
-0.012768093067 19282 -0.00210087265787 34940 -0.0200397669336 -3.46307754909 0.0238543523334 
-0.0111757544966 19296 -0.00183886794446 34958 -0.0175405610095 -3.46307754909 0.0208794205958 
-0.0111757544966 19296 -0.00183886794446 34958 -0.0175405610095 -3.46307754909 0.0208794205958 
-0.0111757544966 19288 -0.00183886794446 34956 -0.0175405610095 -3.47713796662 0.0208794205958 
-0.014891211161 19282 -0.00245021227574 34960 -0.0233720414989 -3.49682255116 0.0278209279836 
-0.0111757544966 19298 -0.00183886794446 34958 -0.0175405610095 -3.49682255116 0.0208794205958 
-0.0111757544966 19298 -0.00183886794446 34952 -0.0175405610095 -3.49682255116 0.0208794205958 
-0.0101328607388 19292 -0.00168008149158 34958 -0.0158608415009 -3.46307754909 0.0188961327707 
-0.0138551741101 19290 -0.00229726058465 34956 -0.0216873325502 -3.46307754909 0.0258376401585 
-0.013323415057 19298 -0.00220909214278 34952 -0.020854976686 -3.44620504806 0.0248459962459 
-0.012791656004 19296 -0.00212092370091 34950 -0.0200226208219 -3.48838630064 0.0238543523334 
-0.0122598969509 19280 -0.00203275525904 34954 -0.0191902649577 -3.50807088518 0.0228627084208 
-0.0111797468492 19296 -0.00183740556972 34954 -0.0175381699608 -3.50807088518 0.0208794205958 
-0.0106487777135 19292 -0.00175014011905 34948 -0.0167052148796 -3.4658896326 0.0198877766832 
-0.0122416851205 19290 -0.00201193647107 34956 -0.0192040801233 -3.44339296456 0.0228627084208 
-0.0122416851205 19290 -0.00201193647107 34956 -0.0192040801233 -3.44339296456 0.0228627084208 
-0.0148965307988 19286 -0.00244826372443 34942 -0.0233688555296 -3.44058088105 0.0278209279836 
-0.0117107159849 19290 -0.00192467102039 34958 -0.0183711250421 -3.44058088105 0.0218710645083 
-0.0122428491565 19282 -0.00200409918774 34946 -0.0192041575528 -3.48838630064 0.0228627084208 
-0.0106497902833 19296 -0.00174332263541 34950 -0.0167052822338 -3.44058088105 0.0198877766832 
-0.0122428491565 19288 -0.00200409918774 34952 -0.0192041575528 -3.49682255116 0.0228627084208 
-0.0133294258578 19278 -0.0021988312966 34956 -0.0208522199461 -3.5193192192 0.0248459962459 
-0.0133294258578 19284 -0.0021988312966 34944 -0.0208522199461 -3.47432588312 0.0248459962459 
-0.0133045339528 19312 -0.00219142663308 34948 -0.0208688896461 -3.47995005013 0.0248459962459 
-0.0122464201789 19314 -0.00201528294037 34950 -0.0192007099819 -3.45182921507 0.0228627084208 
-0.0111831059126 19284 -0.00184274958864 34956 -0.017535467502 -3.48557421714 0.0208794205958 
-0.0138450410538 19288 -0.00228928811996 34956 -0.0216946455855 -3.42933254703 0.0258376401585 
-0.0133406852104 19290 -0.00105580810042 34982 -0.0209340611641 -3.47995005013 0.0248459962459 
-0.231390812562 19242 0.843543606588 38090 -1.37580071085 -3.46307754909 1.63031749066 
0.152690286388 19560 1.13001235679 38330 -1.86809653724 -3.45182921507 2.18861301342 
0.930435297543 21396 2.67272643497 40762 -3.26215932995 -3.40683587899 4.31866413756 
2.90129215416 24062 3.82091137715 41702 -4.64499221355 -3.35059420888 6.67778500551 
4.62671855796 26794 5.26391384102 43450 -6.45615810656 -3.38996337796 9.52876125407 
5.90539308185 29248 6.40351170607 44594 -7.02842750914 -3.57556088931 11.1927397393 
6.61556000316 30468 7.15621009976 45330 -7.52110770782 -3.65711131096 12.3103224288 
7.24949858673 31770 7.58309649918 45590 -7.92908296222 -3.8370846553 13.1502448227 
7.82134895605 32850 8.15295226668 45878 -8.51405594339 -4.07892383676 14.1468469548 
8.08971391106 33406 8.36714816074 45962 -8.95738827449 -4.35169593678 14.6863012432 
8.26825501033 34076 8.51703776266 46084 -8.89140022773 -4.41074969039 14.8310812544 
8.22922603039 34314 8.44864655304 46124 -9.07870595642 -4.52604511411 14.8836383818 
8.27457903083 34560 8.52560502963 46774 -9.00428251262 -4.75382387804 14.9074378357 
8.30941739731 34372 8.53281121641 46688 -8.94879092527 -4.73695137701 14.8975213966 
8.36474581794 35090 8.57317793578 46808 -8.88319782467 -4.76226012856 14.9123960553 
8.24880579193 34364 8.54558583751 46688 -9.00406464641 -4.77913262959 14.904462904 
7.95860655247 32522 8.11509743978 46148 -8.94047118738 -4.86630721826 14.4611980751 
6.96364124477 30686 7.0982159779 45234 -8.13565157493 -4.8353742997 12.8477934294 
6.01860072665 28896 5.83439510097 42840 -6.95852494404 -4.8353742997 10.8942549216 
4.62598629417 26680 4.46804277932 40012 -5.35436931085 -4.85787096774 8.3685378764 
4.15990875054 25966 3.97468775107 38990 -4.73948763912 -4.8353742997 7.45424218903 
3.77343460752 25324 3.48565658782 37998 -4.32075752003 -4.81287763166 6.71249254245 
3.12630718095 24304 2.84215348993 36636 -3.89367985725 -4.8353742997 5.74563972772 
2.50396769081 23268 2.22182878207 35408 -3.24291610676 -4.7847567966 4.66078128739 
2.04114530245 22534 1.82221965141 34784 -2.68530863879 -4.81287763166 3.83375026433 
1.47987267401 21526 1.35877096018 33984 -2.07290384056 -4.81287763166 2.88673032785 
0.846086491113 20342 0.780094155922 32968 -1.28967796767 -4.80725346465 1.728490238 
0.371786595207 19426 0.379042335309 32368 -0.728512423957 -4.77632054609 0.901459214935 
-0.0613970930777 18302 0.0189035169698 32074 -0.184547103128 -4.78756888011 0.195408749204 
-0.012287071394 18264 0.00123865103641 32076 -0.0226953138143 -4.79881721413 0.0258376401585 
-0.00779127619047 18238 0.00036254496968 32082 -0.0138798133562 -4.7847567966 0.015921201033 
-0.00664405943754 18236 -6.12313623473e-05 32084 -0.0122522711977 -4.77913262959 0.0139379132079 
-0.00171235122434 18216 -0.000171869825945 32092 -0.00249362886295 -4.75663596155 0.00302983016995 
-0.114178399963 18028 -0.0372930709516 31934 -0.128060166725 -4.75663596155 0.175575870953 
-0.2040300721 17844 -0.0580176869429 31942 -0.146659355066 -4.78756888011 0.257882315694 
0.000868879180584 17754 8.14572146838e-05 31990 0.000340449388983 -4.77350846258 -0.000936745480232 
-0.00590369286701 17728 -0.000365883507443 32064 -0.0010342656128 -4.76788429557 0.00600476190758 
-0.781993391567 16784 -0.0734608139932 31876 0.000965592226028 -4.80725346465 0.785436877168 
-2.79752108178 13314 -0.425330608085 31736 0.472701127995 -4.85505888424 2.86888073742 
-4.16111473339 11448 -0.642541726001 31702 1.11029014888 -4.85224680073 4.35436331842 
-5.44011171368 11342 -0.741607240763 31996 1.56076241438 -4.84099846671 5.70795725904 
-6.49940774839 11316 -0.773946590526 32230 2.08754830969 -4.86630721826 6.87016392454 
-7.18746183792 11302 -0.786733009078 32462 2.53076409745 -4.92817305538 7.66050412284 
-7.79483122883 11284 -0.785848690359 32652 2.82721749066 -5.01815972755 8.32887211989 
-8.59773889096 11260 -0.851915949683 32780 3.28749283441 -5.0490926461 9.24415945117 
-9.04494519863 11248 -0.869198496006 32982 3.69300227226 -5.08283764817 9.80840483741 
-8.41237680094 11246 -0.679542359676 33192 3.34788059917 -5.10814639972 9.07954656169 
-7.07507878893 11270 -0.445550378008 33778 2.53766200837 -5.02378389456 7.52960712638 
-5.67807558748 11330 -0.38373424469 33778 1.66676922087 -4.84662263372 5.93008549545 
-3.8435547473 11782 -0.193511754611 34030 0.680492357169 -4.68352179041 3.90812355777 
-2.11260291995 15262 -0.24374669193 33944 -0.0800176666946 -4.57666261721 2.12812273475 
-1.08889274423 17378 -0.147061388991 33720 -0.198956536918 -4.4669913605 1.11664594396 
-0.00868954515318 19468 -0.0018114437569 33538 -0.00942424348239 -4.34888385328 0.0129462692954 
-0.00641206808223 19566 -0.000956421464133 33550 -0.0100440882581 -4.38262885534 0.0119546253828 
0.0566973186872 19634 0.00558423513935 33576 0.0952747461089 -4.3067026007 -0.111009219773 
0.216838679286 20532 -0.142526109391 33110 -0.605225617747 -4.3629442708 0.658506456362 
1.07489094138 22028 -0.876126329694 31132 -1.22674135032 -4.2560850976 1.85145408315 
2.46959074552 24132 -1.29746832323 30112 -1.83649311683 -4.21671592853 3.33991159588 
4.18003695758 26958 -1.51961404992 30116 -2.36970970839 -4.15766217491 5.03958926198 
5.25662002004 28938 -1.69559342974 29930 -2.94901991873 -4.09298425429 6.26129456224 
6.18911206135 31054 -1.64178823125 29624 -3.34273613967 -4.01424591614 7.22318915741 
6.83505206232 32304 -1.7448549069 29238 -3.71327622971 -3.9945613316 7.97188031138 
7.31496464481 33336 -1.9596036686 28656 -4.25994911293 -3.96644049655 8.68883886015 
7.52719304971 33804 -2.366218251 27926 -4.59757477032 -4.00580966562 9.13210368905 
7.06804273092 33730 -2.7484390959 27178 -4.48544825514 -3.9917492481 8.81081106139 
6.33338054235 32660 -3.3369495094 25506 -3.87766554883 -4.01143383264 8.14145142042 
5.66930443935 31228 -3.79433145072 24186 -3.51975836168 -4.05080300171 7.67637042544 
5.75326077501 30898 -4.20711594072 23436 -3.20827472185 -3.99737341511 7.81619221711 
5.50484726228 30716 -4.59648034256 22802 -3.41499960767 -4.00299758212 7.94312263791 
5.05640938899 29698 -4.76027581517 22078 -3.29184763971 -4.01987008315 7.68529522065 
4.67687649332 28946 -4.85394633158 21686 -2.99254720191 -3.96644049655 7.37491067603 
4.1615499493 27754 -4.96424602549 21194 -2.69206274813 -4.00299758212 7.01494393577 
3.83059796465 26968 -5.07368291135 20880 -2.43493510372 -4.07329966975 6.80769035805 
3.39042870602 26192 -5.21577197738 20804 -2.36419909107 -4.07611175326 6.65497719552 
3.31783698971 26022 -5.36417009059 20566 -2.52457029344 -4.03111841717 6.79380734327 
3.0111345944 25450 -5.58328099042 20090 -2.36212251327 -4.10704467182 6.76901624546 
3.33023440982 25402 -5.96749718453 18240 -2.78059565013 -4.06205133573 7.37788560776 
5.85720314475 25882 3.62215127982 17858 -4.0703234524 -4.03111841717 7.99964634093 
0.00137997908479 18016 0.00012454636858 33814 0.00257035803572 -4.17453467595 -0.00292003330532 
-0.0335285288021 18004 0.000133512556209 33840 -0.0675571725334 -4.14641384089 0.0754198357857 
0.0122246569378 18016 -0.000162298172597 33820 0.0226374323325 -4.17172259244 -0.0257278432938 
-0.0324868641387 18002 -0.000525764238884 33814 -0.0735184263433 -4.18015884296 0.0803780553484 
-0.00400223450988 17996 7.96052590431e-05 33814 -0.0069126493085 -4.14641384089 0.00798804973267 
-0.00701953301413 17990 -0.000300497290803 33800 -0.0120374948488 -4.14641384089 0.0139379132079 
-0.0382084298385 18032 -0.00419510480345 33772 -0.109528269177 -4.16328634192 0.1160772362 
0.947346160379 19464 -0.732953062633 31918 -1.13791945238 -4.0986084213 1.65213365673 
-0.0018254028666 17954 -0.000612295508491 33406 -0.00353061643075 -4.09298425429 0.00402147408249 
-0.00253088274741 17946 -0.000487549488921 33408 -0.0042998000008 -4.10142050481 0.00501311799504 
-0.00101407700619 17938 -0.000244843351586 33404 -0.00175097195254 -4.12391717285 0.0020381862574 
-0.00247708192368 17930 -0.000388762301966 33402 -0.00434100000554 -4.09017217078 0.00501311799504 
-0.00965061937245 17916 -0.00149730990309 33408 -0.0161767562406 -4.13797759038 0.0188961327707 
-0.0625461464107 17934 -0.0969443614765 33192 -0.111868896349 -4.11266883883 0.160701212265 
-0.0911872404323 17928 -2.49208109707 26708 -0.593729919298 -4.10423258831 2.56345441236 
0.106027024247 18636 -4.19942533118 22076 -1.26151599638 -4.03955466769 4.38609592362 
0.186792178061 19032 -5.08806260702 20088 -1.65892272099 -4.10423258831 5.35493202617 
0.103957587338 19258 -6.27137735488 18030 -2.09332581752 -4.03111841717 6.61233650728 
-0.419304534078 18734 -6.85950570513 17152 -1.80416135912 -4.08736008728 7.10518353181 
-0.719580053564 18004 -6.53358059736 17776 -1.46473304938 -4.05361508522 6.73430870852 
-0.620516592914 16948 -4.68878988819 22588 -1.05642994145 -4.16328634192 4.84621869904 
-0.40840403163 17192 -2.47943252938 29014 -0.664243840987 -4.0957963378 2.59915359321 
-0.0253536292438 18184 -0.0659808060831 34200 -0.0608515618421 -4.03674258418 0.0932694262115 
0.0293594062346 18130 0.00857270476065 34312 0.0498114555649 -4.01143383264 -0.0584520924078 
0.00940539964338 18106 0.00169800629809 34336 0.0150102063711 -4.08173592027 -0.0177946919935 
-0.00109044882189 18098 -0.000329083903811 34288 -0.00169021548063 -4.04236675119 0.0020381862574 
-2.79652160655e-05 18106 -9.26941139879e-06 34296 -4.63234559727e-05 -4.0957963378 5.48984323139e-05 

 
