-0.0200607263103 19416 0.0132612830634 31036 -0.029082890292 -0.0548323406263 0.037737367109 
-0.0153164135016 19428 0.0101250219867 31048 -0.0222048577227 -0.0548323406263 0.0288125718961 
-0.019006434575 19422 0.0125643361575 31036 -0.0275544386099 -0.0548323406263 0.0357540792839 
-0.0211150180455 19424 0.0139582299693 31030 -0.0306113419741 -0.0323356725836 0.0397206549341 
-0.019006434575 19424 0.0125643361575 31030 -0.0275544386099 -0.0323356725836 0.0357540792839 
-0.0190039814038 19428 0.0125705680715 31044 -0.0275532882721 -0.085765259185 0.0357540792839 
-0.0190039814038 19422 0.0125705680715 31022 -0.0275532882721 -0.0267115055729 0.0357540792839 
-0.0163685922607 19432 0.0108273365921 31038 -0.0237323185907 -0.060456507637 0.0307958597212 
-0.0184769035752 19432 0.0122219217756 31038 -0.0267890943358 -0.0463960901103 0.0347624353714 
-0.0190039814038 19442 0.0125705680715 31050 -0.0275532882721 -0.0548323406263 0.0357540792839 
-0.0158317973011 19416 0.0104802284059 31032 -0.0229741221104 -0.0548323406263 0.0298042158086 
-0.0147782882594 19438 0.00978283346233 31030 -0.021445335144 -0.0238994220676 0.0278209279836 
-0.0153050427802 19440 0.0101315309341 31048 -0.0222097286272 -0.0463960901103 0.0288125718961 
-0.0184655699055 19418 0.0122237157648 31034 -0.0267960895266 -0.0407719230996 0.0347624353714 
-0.0158317973011 19428 0.0104802284059 31040 -0.0229741221104 -0.0407719230996 0.0298042158086 
-0.0158317973011 19430 0.0104802284059 31040 -0.0229741221104 -0.068892758153 0.0298042158086 
-0.0158355709522 19434 0.0104781678244 31032 -0.0229724611575 -0.0660806746476 0.0298042158086 
-0.0163624510298 19434 0.0108267967366 31034 -0.0237367993776 -0.0267115055729 0.0307958597212 
-0.0163624510298 19414 0.0108267967366 31044 -0.0237367993776 -0.068892758153 0.0307958597212 
-0.0153086908747 19428 0.0101295389121 31048 -0.0222081229373 -0.068892758153 0.0288125718961 
-0.0174080089175 19432 0.0115285322618 31038 -0.0252690855251 -0.0182752550569 0.0327791475463 
-0.016354745037 19416 0.010831003516 31040 -0.0237401906812 -0.0576444241316 0.0307958597212 
-0.0189879047383 19430 0.0125748253805 31054 -0.0275624277911 -0.0576444241316 0.0357540792839 
-0.0189879047383 19430 0.0125748253805 31030 -0.0275624277911 -0.0435840066049 0.0357540792839 
-0.0189879047383 19418 0.0125748253805 31034 -0.0275624277911 -0.0379598395943 0.0357540792839 
-0.0184612727981 19424 0.0122260610076 31048 -0.0267979803691 -0.0379598395943 0.0347624353714 
-0.017970802591 19418 0.0118674836296 31030 -0.0260130629164 -0.0632685911423 0.0337707914588 
-0.0169154150077 19432 0.0111705311811 31034 -0.0244853702344 -0.0210873385622 0.0317875036337 
-0.0153323336326 19412 0.0101251025082 31044 -0.0221938312115 -0.0210873385622 0.0288125718961 
-0.017970802591 19434 0.0118674836296 31040 -0.0260130629164 -0.0323356725836 0.0337707914588 
-0.0158445842757 19420 0.0104823283994 31032 -0.0229643467232 -0.0238994220676 0.0298042158086 
-0.0158445842757 19432 0.0104823283994 31036 -0.0229643467232 -0.0323356725836 0.0298042158086 
-0.0174261241805 19432 0.0115286304272 31044 -0.0252565514348 -0.0323356725836 0.0327791475463 
-0.0168989442123 19422 0.0111798630846 31034 -0.0244924831976 -0.0295235890783 0.0317875036337 
-0.0200620240218 19424 0.0132724671403 31028 -0.0290768926207 -0.0154631715516 0.037737367109 
-0.0158253578666 19408 0.0104931348986 31032 -0.0229726674194 -0.0154631715516 0.0298042158086 
-0.0174049786719 19418 0.0115405155858 31032 -0.025265702668 -0.0351477560889 0.0327791475463 
-0.0158253578666 19420 0.0104931348986 31046 -0.0229726674194 -0.0435840066049 0.0298042158086 
-0.0168784384034 19430 0.0111913886901 31022 -0.0245013575851 -0.0435840066049 0.0317875036337 
-0.0147713669858 19430 0.00978661147188 31038 -0.0214483795923 -0.0435840066049 0.0278209279836 
-0.0174039060873 19416 0.0115307721441 31034 -0.0252708895872 -0.0435840066049 0.0327791475463 
-0.0189834295482 19424 0.0125772685474 31036 -0.0275643955841 -0.0267115055729 0.0357540792839 
-0.0174039060873 19422 0.0115307721441 31042 -0.0252708895872 -0.0323356725836 0.0327791475463 
-0.0189834295482 19426 0.0125772685474 31034 -0.0275643955841 -0.0323356725836 0.0357540792839 
-0.0174039060873 19410 0.0115307721441 31042 -0.0252708895872 -0.0435840066049 0.0327791475463 
-0.0169223132678 19430 0.0111567392182 31038 -0.0244868918189 -0.0267115055729 0.0317875036337 
-0.0190339492278 19422 0.0125489230974 31054 -0.0275424670523 -0.0267115055729 0.0357540792839 
-0.0158664952878 19424 0.0104606472786 31036 -0.0229591042021 -0.0323356725836 0.0298042158086 
-0.0163867029904 19424 0.0108129057389 31052 -0.0237263990221 -0.0379598395943 0.0307958597212 
-0.0158590419861 19422 0.0104647241245 31030 -0.0229623956992 -0.0098390045409 0.0298042158086 
-0.0174420249989 19438 0.0115092689676 31050 -0.0252544056678 -0.0098390045409 0.0327791475463 
-0.0179696860031 19422 0.0118574505819 31022 -0.0260184089906 -0.060456507637 0.0337707914588 
-0.0179642564326 19430 0.0118554480788 31036 -0.0260230704843 -0.060456507637 0.0337707914588 
-0.017436754862 19416 0.0115073252658 31036 -0.0252589302816 -0.0323356725836 0.0327791475463 
-0.014799247009 19422 0.00976671120114 31036 -0.021438229268 -0.0351477560889 0.0278209279836 
-0.0206017642856 19428 0.0135960621435 31030 -0.0298437714979 -0.0351477560889 0.0387290110216 
-0.0179642564326 19412 0.0118554480788 31044 -0.0260230704843 -0.0351477560889 0.0337707914588 
-0.0174226537273 19428 0.0115105449342 31034 -0.0252671922911 -0.052020257121 0.0327791475463 
-0.0174226537273 19420 0.0115105449342 31040 -0.0252671922911 -0.0210873385622 0.0327791475463 
-0.0174226537273 19422 0.0115105449342 31030 -0.0252671922911 -0.0660806746476 0.0327791475463 
-0.0184768036856 19428 0.0122069853647 31044 -0.0267959725858 -0.0435840066049 0.0347624353714 
-0.0153143538108 19424 0.0101176640732 31036 -0.0222096317018 -0.0435840066049 0.0288125718961 
-0.0168955787482 19422 0.011162324719 31054 -0.0245028021438 -0.0435840066049 0.0317875036337 
-0.0179382619432 19432 0.0118700000846 31046 -0.0260343659843 -0.0435840066049 0.0337707914588 
-0.0163580471342 19426 0.0108243497326 31052 -0.0237409503346 -0.0435840066049 0.0307958597212 
-0.0179382619432 19418 0.0118700000846 31030 -0.0260343659843 -0.0435840066049 0.0337707914588 
-0.0163580471342 19420 0.0108243497326 31044 -0.0237409503346 -0.0323356725836 0.0307958597212 
-0.0205864881626 19420 0.0136048116122 31044 -0.0298503249704 -0.0323356725836 0.0387290110216 
-0.0205864881626 19406 0.0136048116122 31030 -0.0298503249704 -0.0295235890783 0.0387290110216 
-0.01689671515 19406 0.0111663837302 31030 -0.0245001689544 -0.0295235890783 0.0317875036337 
-0.0190051568715 19426 0.0125597710914 31050 -0.0275574009635 -0.0154631715516 0.0357540792839 
-0.0184780464411 19416 0.0122114242511 31052 -0.0267930929612 -0.0660806746476 0.0347624353714 
-0.0168847393463 19410 0.0111782618903 31040 -0.0245030085007 -0.0435840066049 0.0317875036337 
-0.0163580025134 19432 0.0108295444986 31048 -0.0237386119159 -0.0435840066049 0.0307958597212 
-0.0184649498448 19416 0.0122244140654 31038 -0.0267961982553 -0.0660806746476 0.0347624353714 
-0.0158312656806 19434 0.0104808271069 31044 -0.022974215331 -0.0660806746476 0.0298042158086 
-0.0158312656806 19424 0.0104808271069 31048 -0.022974215331 -0.0379598395943 0.0298042158086 
-0.0169080738435 19426 0.0111742134063 31034 -0.0244887602977 -0.0379598395943 0.0317875036337 
-0.01743553862 19438 0.0115228045014 31054 -0.0252527123952 -0.0379598395943 0.0327791475463 
-0.01743553862 19420 0.0115228045014 31046 -0.0252527123952 -0.0267115055729 0.0327791475463 
-0.0137432851845 19424 0.00908266683576 31028 -0.0199050477128 -0.0463960901103 0.0258376401585 
-0.0169080738435 19416 0.0111742134063 31050 -0.0244887602977 -0.0154631715516 0.0317875036337 
-0.0153132823617 19436 0.010131272342 31028 -0.0222041663503 -0.0154631715516 0.0288125718961 
-0.0153132823617 19418 0.010131272342 31040 -0.0222041663503 -0.0210873385622 0.0288125718961 
-0.0179484728767 19432 0.011874715201 31032 -0.0260251765804 -0.0210873385622 0.0337707914588 
-0.0216377395978 19432 0.0143155352036 31040 -0.0313745909027 -0.0351477560889 0.0407122988466 
-0.0158403204647 19418 0.0104799609138 31022 -0.0229683683963 -0.0829531756797 0.0298042158086 
-0.0147723610036 19426 0.00979016333112 31032 -0.021446073911 -0.0463960901103 0.0278209279836 
-0.0184581637598 19432 0.0122328744848 31030 -0.0267970126209 -0.0463960901103 0.0347624353714 
-0.0152989042545 19420 0.0101391220674 31042 -0.0222104937267 -0.0407719230996 0.0288125718961 
-0.0158254475053 19418 0.0104880808036 31032 -0.0229749135424 -0.0660806746476 0.0298042158086 
-0.0163519907562 19424 0.0108370395398 31050 -0.0237393333581 -0.0210873385622 0.0307958597212 
-0.0168904668058 19428 0.0111794842728 31046 -0.0244985030102 -0.0379598395943 0.0317875036337 
-0.0189981288332 19418 0.0125745063735 31048 -0.027555527136 -0.0379598395943 0.0357540792839 
-0.0179442978195 19428 0.0118769953231 31044 -0.0260270150731 -0.00702692103556 0.0337707914588 
-0.0158366357922 19426 0.0104819732224 31044 -0.0229699909473 -0.00702692103556 0.0298042158086 
-0.0189981288332 19422 0.0125745063735 31040 -0.027555527136 -0.0210873385622 0.0357540792839 
-0.0184661402196 19428 0.0122288813208 31052 -0.0267933394704 -0.0267115055729 0.0347624353714 
-0.01741259864 19422 0.0115311916688 31040 -0.0252647094019 -0.0267115055729 0.0327791475463 
-0.0179393694298 19420 0.0118800364948 31048 -0.0260290244362 -0.0576444241316 0.0337707914588 
-0.01741259864 19422 0.0115311916688 31052 -0.0252647094019 -0.0435840066049 0.0327791475463 
-0.01740454169 19422 0.0115300856237 31056 -0.025270765084 -0.0492081736156 0.0327791475463 
-0.0137354398927 19420 0.00908341898651 31054 -0.019910119021 -0.0463960901103 0.0258376401585 
-0.0179285526426 19404 0.0118759983498 31044 -0.0260383182846 -0.0548323406263 0.0337707914588 
-0.1680882275 19470 0.223983098563 31108 -0.39594523463 -0.0829531756797 0.484968771667 
-0.122389366129 19508 0.789531498204 31712 -1.46645998997 -0.0576444241316 1.66998324716 
-0.235037211416 19500 0.802687894365 31920 -1.45802788636 -0.0829531756797 1.6808913302 
-0.226141618061 19518 1.04256634765 31946 -1.3232558975 -0.0576444241316 1.69973256453 
-0.0174400169562 19646 1.54033095478 32472 -2.44019756321 -0.0323356725836 2.88573868394 
0.578368243165 20206 2.03560762754 33578 -3.22765964544 -0.0970135932064 3.85953300606 
1.09906988498 20736 2.5377774072 34378 -3.88386402395 -0.0238994220676 4.76787882995 
1.55648900459 21300 3.1142737781 35436 -4.46047633912 -0.0717048416583 5.65837506341 
1.81946744592 21542 3.29840254837 35642 -4.59535278573 -0.0576444241316 5.9419852224 
2.07353821267 21796 3.5116217682 35944 -4.73538674714 -0.052020257121 6.24939483529 
2.35566510585 22132 3.87322104334 36476 -5.04679863457 -0.0801410921743 6.78389090415 
2.61243210784 22452 4.10950259816 36798 -5.19581924454 -0.0435840066049 7.12104983441 
2.78024954224 22604 4.22019460278 36908 -5.1386450287 -0.0463960901103 7.20732285481 
3.10543520018 23034 4.61283650181 37222 -5.51817204038 -0.0576444241316 7.83404180753 
3.33472375247 23268 4.74683699292 37178 -5.53563899221 -0.0548323406263 8.01848757527 
3.52226085715 23518 4.93941908146 37364 -5.74710524984 0.00984557999646 8.35663814944 
3.6799943962 23674 5.06037692131 37406 -5.93262052642 -0.0660806746476 8.62239871801 
3.8548406454 23874 5.23161650923 37538 -5.98650631125 -0.060456507637 8.8356021592 
4.15980008092 24202 5.47713437868 37792 -6.12910031546 -0.052020257121 9.21242684597 
4.41383664533 24492 5.71292596857 38012 -6.3655478307 -0.0379598395943 9.62495071359 
4.58694992328 24658 5.76773548016 38008 -6.47135776945 -0.0745169251637 9.8074131935 
4.85356682448 24926 6.1315262831 38392 -6.6520077343 -0.0829531756797 10.266544325 
5.08968974377 25178 6.45198476534 38774 -6.89716536364 -0.0885773426903 10.7286503883 
5.07595691024 25116 6.45554204001 38870 -6.86227282979 -0.147631096302 10.7018760026 
4.86561689309 24962 6.13737417598 38694 -6.51132175015 -0.102637760217 10.1852295242 
4.65989165547 24750 5.79935069126 38456 -6.06134161572 -0.139194845786 9.59619304013 
4.28030700194 24404 5.37986762299 38124 -5.68023680814 -0.119510261249 8.91790860395 
3.82056244122 23976 4.76045138414 37500 -5.02524320485 -0.158879430324 7.90643181315 
3.32064068146 23524 4.18158590049 36840 -4.39808224412 -0.158879430324 6.91776283234 
2.71198573262 22964 3.43821039051 35858 -3.75636408872 -0.153255263313 5.76943918162 
1.91307213222 22310 2.40425988089 34546 -2.77648961294 -0.144819012797 4.14115987722 
1.5332568415 22018 1.96916147786 33984 -2.30960157614 -0.136382762281 3.40040187455 
1.13793565992 21688 1.49088543228 33438 -1.84072830347 -0.181376098366 2.62791126668 
0.745192746346 21362 1.01604737754 32778 -1.27971536439 -0.175751931356 1.79592202405 
0.569963319835 21180 0.833111172638 32462 -1.11143191638 -0.175751931356 1.50140378202 
0.378946810005 21050 0.635237970822 32302 -0.858896446218 -0.206684849914 1.13350389047 
0.195928501645 20880 0.385130447392 32036 -0.63321042343 -0.20949693342 0.766595642829 
0.0297511720468 20672 0.134282751647 31694 -0.266086538569 -0.136382762281 0.299531360021 
-0.0323939788879 20520 0.0337410715364 31488 -0.0941951219555 -0.178564014861 0.105169153162 
-0.0861982315346 20440 0.0620135086937 31484 -0.168744510371 -0.187000265377 0.199375324854 
-0.0108100977895 20438 0.00625275529635 31408 -0.0214794871083 -0.17293984785 0.0248459962459 
-0.0134702144645 20430 0.00669357944667 31414 -0.0257301495612 -0.201060682904 0.0298042158086 
-0.0141639904697 20446 0.00794065948874 31412 -0.0284745467869 -0.161691513829 0.0327791475463 
-0.0504574895472 20434 0.0131363884148 31358 -0.100367366822 -0.158879430324 0.113102304462 
-0.0551683396366 20444 -0.0203357402704 31210 -0.136692333366 -0.20949693342 0.148801485314 
-0.157153493396 20368 -0.277082377973 30638 -0.576332272566 -0.198248599398 0.658506456362 
-0.227903572484 20276 -0.749608817945 29786 -1.10993680966 -0.187000265377 1.35860705862 
-0.196045018413 20234 -1.19749758111 29050 -1.52851167739 -0.158879430324 1.95161011832 
-0.115261101271 20270 -1.6188043492 28402 -1.79737943932 -0.158879430324 2.42164933287 
-0.169636381336 20176 -2.07740017626 27668 -2.0920917357 -0.133570678776 2.95317046999 
-0.140203388336 20180 -2.36048825682 27246 -2.3107072997 -0.175751931356 3.30619570286 
-0.118663296051 20172 -2.64621214031 26826 -2.56748551288 -0.175751931356 3.6889702531 
-0.099154402976 20148 -2.88055929901 26392 -2.79260170252 -0.189812348882 4.0132378125 
-0.129256720398 20090 -3.15678701436 26132 -3.09783445644 -0.156067346818 4.42477003621 
-0.144716554271 20048 -3.45674012794 25790 -3.31657803213 -0.175751931356 4.79266992776 
-0.143817251639 20008 -3.8637235448 25288 -3.6948558235 -0.170127764345 5.34799051878 
-0.0850235476267 20006 -4.27240819393 24784 -3.95118346666 -0.189812348882 5.82001302116 
0.0048762263748 20070 -4.68956739747 24272 -4.26896347407 -0.175751931356 6.34161771915 
0.0526642896938 20130 -5.01980495511 23952 -4.49330341003 -0.161691513829 6.73728364026 
0.113131335875 20178 -5.44903204331 23506 -4.84832529497 -0.170127764345 7.29458751911 
0.18729229847 20262 -5.79026293399 23196 -5.2292215503 -0.175751931356 7.80429249016 
0.239269189501 20324 -6.04207373491 22806 -5.54147479216 -0.246054018989 8.20194169909 
0.255204965449 20328 -6.27574584569 22670 -5.82443982528 -0.122322344754 8.56587501499 
0.270195184242 20290 -5.93877131888 22874 -5.60738068158 -0.184188181872 8.17219238171 
0.205483092381 20144 -5.08704573681 23496 -5.01567126532 -0.170127764345 7.14683257614 
0.133926702555 19912 -3.93104885771 24624 -3.92156076375 -0.248866102495 5.55425245259 
0.154401175182 19828 -3.26210771244 25270 -3.24701924913 -0.192624432388 4.60524922829 
0.0800830135191 19648 -2.19524235262 26470 -2.22921823643 -0.195436515893 3.12968308642 
-0.00167862934668 19480 -1.34167120012 27652 -1.47142624097 -0.198248599398 1.99127587482 
-0.020468243698 19412 -0.310915669843 29040 -0.445284629959 -0.170127764345 0.543475762507 
-0.00281981895477 19386 -0.00249076010766 29714 -0.00815350434539 -0.195436515893 0.00897969364522 
0.010688531224 19386 -0.00448181295754 30106 0.0284130798493 -0.189812348882 -0.0306860628566 
-0.0271538448021 19378 0.0226586594464 30356 -0.0632259281236 -0.220745267441 0.0724449040481 
-0.0167583347394 19352 0.0104865429038 30358 -0.0321449764506 -0.17293984785 0.037737367109 
-0.0109480632584 19356 0.00645526040827 30366 -0.0213493103731 -0.184188181872 0.0248459962459 
-0.0105288037319 19364 0.00625885988989 30366 -0.0204695161179 -0.170127764345 0.0238543523334 
-0.0115433160904 19362 0.00675094149907 30370 -0.022107923726 -0.178564014861 0.0258376401585 
-0.0107369232513 19356 0.00617432459325 30364 -0.0203869154155 -0.16731568084 0.0238543523334 
-0.00932551308828 19354 0.00543541475297 30370 -0.0178729202012 -0.178564014861 0.0208794205958 
-0.0092917208093 19360 0.00548150299093 30382 -0.0178764441033 -0.192624432388 0.0208794205958 
-0.0120262758344 19346 0.00699980455154 30368 -0.0229386553564 -0.187000265377 0.026829284071 
0.00499502175852 19342 -0.00310791176017 30404 0.00791458318329 -0.147631096302 -0.00986154069313 
-0.670742977729 18894 0.249316272722 31234 -0.23981488575 -0.237617768473 0.754695915879 
-1.85597168921 18184 0.286413279362 31830 -0.164931383719 -0.257302353011 1.88516997618 
-2.90153127016 17376 0.353117902514 32418 0.0928129284297 -0.358537359203 2.92441279653 
-3.6206429054 16740 0.44415686821 32778 0.313186836426 -0.310731939612 3.66120422355 
-4.30008844271 16030 0.442530061828 33040 0.578261457147 -0.417591112815 4.3613048258 
-4.95935712683 15500 0.488514977641 33192 0.744040295982 -0.389470277761 5.03859761807 
-5.94688596964 14618 0.456512283026 33396 1.06094269337 -0.459772365395 6.05800756017 
-6.31932482041 14210 0.436173944372 33474 1.13829489076 -0.426027363331 6.43582389085 
-6.87268525963 13766 0.441578956367 33538 1.14400626403 -0.456960281889 6.98122804275 
-7.18364534357 13432 0.435242757565 33580 1.20239297251 -0.479456949932 7.29657080693 
-7.59074278379 13112 0.430308125981 33642 1.28692744507 -0.507577784986 7.71107796238 

 
