-0.0145236630956 19510 0.00860314107534 31134 -0.0221145474245 -0.192624432388 0.0278209279836 
-0.0145236630956 19514 0.00860314107534 31136 -0.0221145474245 -0.206684849914 0.0278209279836 
-0.014005984386 19518 0.00829649233663 31124 -0.0213263006649 -0.206684849914 0.026829284071 
-0.0134883056765 19494 0.00798984359791 31140 -0.0205380539053 -0.231993601463 0.0258376401585 
-0.0145236630956 19504 0.00860314107534 31130 -0.0221145474245 -0.226369434452 0.0278209279836 
-0.0181286407784 19504 0.0107548257476 31130 -0.0276425942996 -0.203872766409 0.0347624353714 
-0.0145086385389 19516 0.00860725750093 31144 -0.0221228063303 -0.220745267441 0.0278209279836 
-0.0139914953618 19510 0.00830046203711 31128 -0.0213342651918 -0.226369434452 0.026829284071 
-0.0139914953618 19514 0.00830046203711 31142 -0.0213342651918 -0.251678186 0.026829284071 
-0.0144894531992 19508 0.00862654844274 31146 -0.0221278657313 -0.203872766409 0.0278209279836 
-0.015522371876 19506 0.00924151457576 31140 -0.0237053086809 -0.226369434452 0.0298042158086 
-0.0175882092298 19516 0.0104714468418 31130 -0.0268601945802 -0.226369434452 0.0337707914588 
-0.0170717498913 19518 0.0101639637753 31132 -0.0260714731054 -0.220745267441 0.0327791475463 
-0.0160388312145 19510 0.00954899764227 31136 -0.0244940301557 -0.198248599398 0.0307958597212 
-0.017112693245 19502 0.0101411530119 31132 -0.0260535076209 -0.198248599398 0.0327791475463 
-0.0145242034041 19502 0.00860718806722 31126 -0.022112617731 -0.229181517957 0.0278209279836 
-0.0165949952768 19500 0.00983436002296 31134 -0.0252653296429 -0.231993601463 0.0317875036337 
-0.0155595993405 19516 0.00922077404509 31140 -0.023688973687 -0.201060682904 0.0298042158086 
-0.0150419013723 19488 0.00891398105615 31138 -0.022900795709 -0.201060682904 0.0288125718961 
-0.0165671708424 19516 0.00984986653483 31144 -0.0252775466924 -0.195436515893 0.0317875036337 
-0.0134661911046 19498 0.00800620615158 31126 -0.020546192084 -0.215121100431 0.0258376401585 
-0.0150166809735 19514 0.00892803634321 31140 -0.0229118693882 -0.226369434452 0.0288125718961 
-0.0144998510172 19512 0.00862075961267 31128 -0.0221233102868 -0.201060682904 0.0278209279836 
-0.0144998510172 19486 0.00862075961267 31136 -0.0221233102868 -0.229181517957 0.0278209279836 
-0.0134747912262 19504 0.00800520562999 31138 -0.0205409428506 -0.192624432388 0.0258376401585 
-0.019680711555 19504 0.0116920655984 31138 -0.0300012344921 -0.192624432388 0.037737367109 
-0.0155434313358 19504 0.00923415895281 31138 -0.0236943733978 -0.201060682904 0.0298042158086 
-0.0160605913632 19502 0.00954139728351 31132 -0.0244827310345 -0.201060682904 0.0307958597212 
-0.0176093273752 19510 0.0104596873145 31136 -0.0268509382784 -0.215121100431 0.0337707914588 
-0.0124385328687 19512 0.0073883097114 31134 -0.0189664415463 -0.189812348882 0.0238543523334 
-0.01347269177 19512 0.00800258523201 31134 -0.0205433408927 -0.234805684968 0.0258376401585 
-0.0124385328687 19512 0.0073883097114 31136 -0.0189664415463 -0.246054018989 0.0238543523334 
-0.0160580890233 19512 0.00953827403356 31126 -0.0244855892588 -0.246054018989 0.0307958597212 
-0.0145068506713 19508 0.00861686075263 31136 -0.0221202402391 -0.223557350947 0.0278209279836 
-0.015023930122 19502 0.00892399851294 31130 -0.0229086899123 -0.189812348882 0.0288125718961 
-0.0129524685048 19500 0.00769719874808 31142 -0.0197562704101 -0.260114436516 0.0248459962459 
-0.0139863764567 19518 0.00831161406125 31142 -0.021333279848 -0.215121100431 0.026829284071 
-0.0155372383845 19510 0.00923323703099 31140 -0.0236987940048 -0.215121100431 0.0298042158086 
-0.0160541923604 19512 0.00954044468758 31122 -0.0244872987237 -0.217933183936 0.0307958597212 
-0.0170669684276 19512 0.0101667289017 31122 -0.0260735253848 -0.217933183936 0.0327791475463 
-0.0165506537393 19516 0.00985916218385 31118 -0.0252847418239 -0.178564014861 0.0317875036337 
-0.0165506537393 19506 0.00985916218385 31136 -0.0252847418239 -0.178564014861 0.0317875036337 
-0.0150017096745 19514 0.0089364620302 31142 -0.022918391141 -0.248866102495 0.0288125718961 
-0.0165506537393 19496 0.00985916218385 31132 -0.0252847418239 -0.248866102495 0.0317875036337 
-0.0129364509215 19516 0.00770619515865 31138 -0.0197632568972 -0.231993601463 0.0248459962459 
-0.0155410095726 19508 0.00923113627325 31130 -0.0236971395855 -0.231993601463 0.0298042158086 
-0.015023930122 19516 0.00892399851294 31124 -0.0229086899123 -0.203872766409 0.0288125718961 
-0.015023930122 19510 0.00892399851294 31132 -0.0229086899123 -0.231993601463 0.0288125718961 
-0.017603801133 19518 0.0104522131507 31142 -0.0268574716173 -0.231993601463 0.0337707914588 
-0.017603801133 19516 0.0104522131507 31132 -0.0268574716173 -0.229181517957 0.0337707914588 
-0.016053049598 19518 0.00953145828276 31130 -0.0244915470637 -0.229181517957 0.0307958597212 
-0.0170868839547 19500 0.0101452948614 31136 -0.0260688300995 -0.226369434452 0.0327791475463 
-0.017603801133 19514 0.0104522131507 31134 -0.0268574716173 -0.226369434452 0.0337707914588 
-0.012951546528 19514 0.00768994854684 31134 -0.0197596979565 -0.240429851979 0.0248459962459 
-0.0144888756425 19518 0.0086269583609 31124 -0.0221280840997 -0.226369434452 0.0278209279836 
-0.0139724368904 19514 0.00831946068334 31132 -0.0213393548414 -0.212309016925 0.026829284071 
-0.0139724368904 19508 0.00831946068334 31136 -0.0213393548414 -0.231993601463 0.026829284071 
-0.0160381918989 19512 0.00954945139356 31118 -0.0244942718746 -0.231993601463 0.0307958597212 
-0.0170710694031 19486 0.0101644467487 31122 -0.0260717303911 -0.248866102495 0.0327791475463 
-0.0165785294495 19514 0.00983857184814 31128 -0.0252744980672 -0.231993601463 0.0317875036337 
-0.013475423651 19510 0.00799702556119 31126 -0.0205437140887 -0.20949693342 0.0258376401585 
-0.0170957137492 19504 0.0101454962293 31136 -0.0260629620636 -0.20949693342 0.0327791475463 
-0.0150269765502 19498 0.00891779870466 31128 -0.0229091060779 -0.192624432388 0.0288125718961 
-0.0160613451497 19506 0.00953164746698 31138 -0.0244860340708 -0.229181517957 0.0307958597212 
-0.0129582393512 19512 0.00769010118003 31136 -0.0197552500923 -0.243241935484 0.0248459962459 
-0.0160645989376 19516 0.00952502198948 31136 -0.024486477759 -0.248866102495 0.0307958597212 
-0.0134781535699 19504 0.0079914668041 31126 -0.0205440863419 -0.248866102495 0.0258376401585 
-0.0165818880111 19502 0.00983173302656 31118 -0.0252749560424 -0.223557350947 0.0317875036337 
-0.0170786396888 19508 0.0101551104527 31136 -0.0260704106591 -0.226369434452 0.0327791475463 
-0.0170786396888 19496 0.0101551104527 31138 -0.0260704106591 -0.223557350947 0.0327791475463 
-0.0150119686068 19502 0.00892624951938 31140 -0.0229156533255 -0.203872766409 0.0288125718961 
-0.0155286363773 19506 0.00923346475271 31136 -0.0237043426589 -0.203872766409 0.0298042158086 
-0.0170786396888 19508 0.0101551104527 31110 -0.0260704106591 -0.206684849914 0.0327791475463 
-0.0155286363773 19502 0.00923346475271 31132 -0.0237043426589 -0.229181517957 0.0298042158086 
-0.0155286363773 19506 0.00923346475271 31130 -0.0237043426589 -0.229181517957 0.0298042158086 
-0.013491004928 19508 0.00798841955876 31126 -0.0205368349057 -0.192624432388 0.0258376401585 
-0.0145265695406 19506 0.00860160772747 31136 -0.022113234855 -0.181376098366 0.0278209279836 
-0.0129732226217 19512 0.0076818254744 31136 -0.0197486349311 -0.234805684968 0.0248459962459 
-0.0140065054359 19514 0.00830039507829 31142 -0.0213244397531 -0.234805684968 0.026829284071 
-0.0124534115313 19514 0.00738001611149 31132 -0.0189599058191 -0.254490269505 0.0238543523334 
-0.0145242034041 19514 0.00860718806722 31132 -0.022112617731 -0.254490269505 0.0278209279836 
-0.0145242034041 19516 0.00860718806722 31144 -0.022112617731 -0.226369434452 0.0278209279836 
-0.0160772973086 19502 0.00952756703402 31132 -0.024477151665 -0.217933183936 0.0307958597212 
-0.0155595993405 19516 0.00922077404509 31140 -0.023688973687 -0.201060682904 0.0298042158086 
-0.0186657871496 19516 0.0110615319787 31140 -0.0284180415548 -0.201060682904 0.0357540792839 
-0.016058725414 19516 0.00953782146889 31142 -0.0244853481836 -0.20949693342 0.0307958597212 
-0.0181271251852 19518 0.0107663142188 31118 -0.0276391158254 -0.215121100431 0.0347624353714 
-0.0150245255285 19516 0.00892357509394 31132 -0.0229084643627 -0.215121100431 0.0288125718961 
-0.0145074255857 19526 0.00861645190647 31130 -0.0221200224522 -0.215121100431 0.0278209279836 
-0.0119352695479 19510 0.00706989738175 31134 -0.0181733136265 -0.226369434452 0.0228627084208 
-0.0160766992242 19512 0.0095230872915 31122 -0.0244792877033 -0.226369434452 0.0307958597212 
-0.0145236630956 19498 0.00860314107534 31130 -0.0221145474245 -0.243241935484 0.0278209279836 
-0.0181474140623 19522 0.0107496822464 31144 -0.0276322747417 -0.243241935484 0.0347624353714 
-0.0145236630956 19534 0.00860314107534 31144 -0.0221145474245 -0.189812348882 0.0278209279836 
-0.0186650927719 19522 0.0110563309851 31130 -0.0284205215013 -0.206684849914 0.0357540792839 
-0.0181357660595 19524 0.010761498983 31122 -0.0276353223615 -0.226369434452 0.0347624353714 
-0.0181357660595 19518 0.010761498983 31122 -0.0276353223615 -0.226369434452 0.0347624353714 
-0.0171010731894 19518 0.0101475273298 31130 -0.0260586549676 -0.217933183936 0.0327791475463 
-0.0150316874493 19512 0.00891958402352 31144 -0.0229053201798 -0.198248599398 0.0288125718961 
-0.0155422407119 19512 0.00923026074322 31124 -0.0236966731891 -0.243241935484 0.0298042158086 
-0.0155422407119 19512 0.00923026074322 31144 -0.0236966731891 -0.240429851979 0.0298042158086 
-0.0149680399112 19524 0.00884038417687 31134 -0.0229775909984 -0.229181517957 0.0288125718961 
-0.0166560323058 19494 0.00982853704577 31130 -0.0252274024551 -0.215121100431 0.0317875036337 
-0.0164738945505 19516 0.00999564864404 31144 -0.0252812814902 -0.212309016925 0.0317875036337 
-0.0164699819887 19504 0.0103784236893 31140 -0.0251291345311 -0.198248599398 0.0317875036337 
-0.0511199278465 19616 0.0962460191359 31092 -0.185613617406 -0.234805684968 0.215241627454 
0.203619291734 19964 0.734523268084 31674 -1.44564835353 -0.203872766409 1.63428406631 
0.460264695225 20310 1.44531466107 32684 -2.63733422153 -0.246054018989 3.04241842212 
0.684709958924 20562 2.12367685329 33688 -3.64302605355 -0.234805684968 4.27205687367 
0.87572609996 20792 2.63491970788 34456 -4.17713410483 -0.234805684968 5.01578980808 
1.13037137471 21052 3.11665833691 35140 -4.7580761462 -0.248866102495 5.79918849899 
1.2396598167 21174 3.30594305925 35452 -5.01277544566 -0.260114436516 6.1313892097 
1.34612458354 21262 3.50220113064 35610 -5.20945210949 -0.254490269505 6.41995758825 
1.45842407427 21390 3.70254051019 35908 -5.43278075866 -0.243241935484 6.73430870852 
1.5326543474 21464 3.81659056784 36068 -5.51173168893 -0.189812348882 6.87710543193 
1.63159876008 21574 4.06946988849 36490 -5.75532896343 -0.212309016925 7.23508888436 
1.72559623654 21654 4.2869844967 36806 -5.92329990741 -0.246054018989 7.51274917987 
1.81934432657 21724 4.57610083089 37260 -6.18807860457 -0.206684849914 7.90841510097 
1.87952215178 21822 4.71907628327 37628 -6.35484862894 -0.212309016925 8.13550155695 
1.99958945952 21884 5.15165931099 38018 -6.88148071031 -0.220745267441 8.82568572008 
2.02120106379 21890 5.31294523575 38126 -7.16114679686 -0.257302353011 9.14301177209 
2.08299675488 21940 5.50366659319 38268 -7.23686691237 -0.268550687032 9.32745753983 
2.23903129345 22072 5.87910754375 38638 -7.45130988588 -0.260114436516 9.7518811344 
2.257356921 22104 5.99335727042 38754 -7.70306131672 -0.285423188064 10.017641703 
2.2570500122 22060 6.20804111381 39010 -7.93036827556 -0.279799021053 10.3210847402 
2.38198840358 22188 6.54746814685 39304 -8.06173331273 -0.350101108687 10.6552687387 
2.37526985415 22138 6.72781032956 39468 -8.09322047271 -0.344476941676 10.7891406669 
2.34617636115 22120 6.59961864523 39388 -7.84315719059 -0.350101108687 10.5154469471 
2.15005718 21954 6.35323806815 39254 -7.44221971666 -0.361349442708 10.0186333469 
2.01540672678 21844 6.18344592922 39138 -7.17710940285 -0.392282361267 9.68544099225 
1.88656871345 21732 6.0374734398 39032 -6.99736976389 -0.400718611783 9.43257179456 
1.74653196258 21612 5.82405774287 38904 -6.79632333072 -0.366973609719 9.11921231819 
1.59965149554 21510 5.45594493432 38578 -6.31643232228 -0.392282361267 8.49844322894 
1.40606000554 21382 5.0753075456 38162 -5.92367458057 -0.381034027245 7.9262646914 
1.20997936396 21258 4.77287588532 37800 -5.57936445495 -0.400718611783 7.44135081817 
1.15342574173 21244 4.52896289371 37454 -5.31619978992 -0.386658194256 7.07840914618 
0.964124911722 21144 4.12293733358 37018 -4.85077119391 -0.397906528277 6.43879882258 
0.776549897096 21058 3.79834134601 36604 -4.56689953709 -0.406342778793 5.99057577411 
0.724416992287 21040 3.56951075824 36314 -4.24436573962 -0.406342778793 5.59292656518 
0.691371393999 20988 3.52895974701 36220 -4.15460807035 -0.392282361267 5.49475381784 
0.530418774569 20928 3.12319553142 35810 -3.71839795842 -0.403530695288 4.88489281163 
0.462012061871 20868 2.93217872202 35568 -3.49628532643 -0.369785693224 4.58640799395 
0.341407725986 20818 2.65489192195 35204 -3.19608085998 -0.361349442708 4.16892590677 
0.240221054719 20764 2.46279697229 34996 -3.01084927797 -0.361349442708 3.89721547473 
0.170777285845 20714 2.27869344982 34700 -2.81472522548 -0.347289025181 3.6255050427 
0.0811192860734 20634 1.94316455407 34262 -2.46972448055 -0.355725275697 3.1435661012 
0.0116259170735 20578 1.70710249482 33932 -2.21745862392 -0.372597776729 2.79847401963 
0.00944538194071 20568 1.40539396832 33484 -1.77366445632 -0.350101108687 2.26298630686 
-0.00781898496714 20562 1.12350842127 33102 -1.43145169256 -0.344476941676 1.81972147795 
0.0016120063955 20532 0.478231359759 32188 -0.579979832387 -0.324792357139 0.751720984141 
-0.00401974253962 20552 0.301078394921 31778 -0.42477141919 -0.327604440644 0.520667952518 
-0.00820724985632 20534 0.122647553523 31380 -0.361511172455 -0.389470277761 0.381837804762 
-0.0736047340895 20480 0.00017643046121 31030 -0.611451515933 -0.369785693224 0.615865768122 
-0.0753648456536 20468 -0.190779265262 30634 -0.911384746684 -0.369785693224 0.934183464049 
-0.0738202363148 20428 -0.603911035214 29934 -1.60833682613 -0.392282361267 1.71956544278 
-0.159434032748 20364 -1.16819503973 29132 -2.38624396817 -0.344476941676 2.6616271597 
-0.102044397019 20376 -1.38659305315 28836 -2.75400369651 -0.347289025181 3.08505911036 
-0.13686670682 20360 -1.72819661793 28410 -3.16382392314 -0.330416524149 3.60765545227 
-0.172970061217 20308 -1.97074048136 28072 -3.4826324443 -0.369785693224 4.0053046612 
-0.217698893883 20242 -2.17092387569 27690 -3.74078602732 -0.344476941676 4.33056386451 
-0.18753362333 20222 -2.33466249503 27550 -3.94095572933 -0.366973609719 4.58442470613 
-0.281082463595 20174 -2.58280437249 27258 -4.23008715836 -0.355725275697 4.96422432463 
-0.306119415488 20130 -2.69470103704 27162 -4.3356072519 -0.355725275697 5.11396255542 
-0.368301155973 20068 -2.89863897023 26968 -4.61358663027 -0.386658194256 5.46103792481 
-0.44266980273 19962 -3.1892297495 26638 -5.10455610952 -0.341664858171 6.03519975018 
-0.492089743715 19878 -3.44361287274 26232 -5.48295837333 -0.344476941676 6.49333923777 
-0.519368767547 19828 -3.81832625291 25884 -6.0248445868 -0.364161526213 7.1517907957 
-0.70473834235 19648 -4.12784387454 25546 -6.29945276528 -0.414779029309 7.56431466332 
-0.741724652611 19574 -4.26153478542 25398 -6.38236608559 -0.381034027245 7.71008631847 
-0.690552236204 19566 -4.39172513316 25258 -6.42753825061 -0.364161526213 7.8152005732 
-0.886750083029 19436 -4.60259491831 25102 -6.63738862921 -0.361349442708 8.12558511782 
-0.9510542687 19376 -4.78270096959 24894 -6.9541753514 -0.406342778793 8.49348500938 
-0.980567726393 19338 -4.92237929965 24794 -7.19437666604 -0.406342778793 8.7721369488 
-1.11088784647 19220 -5.2640797376 24554 -7.57576175116 -0.426027363331 9.29175835897 
-1.14617134208 19116 -5.52027054793 24220 -8.07449061891 -0.42040319632 9.84807059391 
-1.25890266885 18986 -5.74337271528 24000 -8.35918342046 -0.383846110751 10.2199370611 
-1.28210667202 18902 -5.86636836731 23854 -8.85964449172 -0.451336114879 10.7028676465 
-1.31194896951 18506 -5.96112614468 23740 -9.05488749561 -0.743792799434 10.9200376634 
-1.37413561564 18476 -6.18645030935 23582 -9.43089029173 -0.856276139647 11.3623108484 
-1.35013035128 18460 -6.04305954133 23684 -9.29059833134 -0.867524473669 11.1649737098 
-1.30587041904 18444 -5.69342099178 23894 -8.64704969192 -0.867524473669 10.4351237901 
-1.11238019448 18460 -5.29467343754 24208 -8.30348896838 -0.842215722121 9.9105441604 
-0.838168891404 18522 -4.77376954402 24596 -7.67181535421 -0.845027805626 9.07458834213 
-0.8114854642 18518 -4.41566508172 24914 -7.30318946446 -0.856276139647 8.57281652238 
-0.668365528522 18554 -3.99839345416 25286 -6.49060704252 -0.785974052014 7.65257097154 
-0.553176284127 18634 -3.51207327656 25744 -5.8798057914 -0.822531137583 6.87115556845 
-0.390509912955 18760 -3.01238962129 26286 -5.1218713395 -0.819719054078 5.95487659326 
-0.334439832429 18840 -2.49708180795 26920 -4.2693542103 -0.87877280769 4.95728281724 
-0.282298095644 18934 -1.92025102529 27652 -3.57036537742 -0.83659155511 4.06381165204 
-0.266691893298 18984 -1.26044393829 28570 -2.59436292856 -0.873148640679 2.89664676697 
-0.10009640816 19156 -0.411273596078 29692 -1.05364409091 -0.822531137583 1.1354871783 
-0.044498423526 19224 -0.00866000630269 30568 -0.192115878773 -0.870336557174 0.197392037029 
-0.0262380220963 19262 0.0292488038754 30978 -0.0735105034978 -0.864712390163 0.0833529870861 
-0.0747094656318 19272 0.0952535066052 31190 -0.101108084708 -0.839403638615 0.157726280527 
-0.101441096024 19254 0.114345351244 31216 -0.113605672951 -0.856276139647 0.190450529641 
-0.110936856805 19300 0.164088247917 31228 -0.107071077531 -0.867524473669 0.22515806658 
-0.489972921642 19166 0.636546460902 31812 0.00207079431035 -0.842215722121 0.803286467593 
-1.24956531791 18748 1.61393595225 33410 0.244610531147 -0.935014477797 2.05573272914 
-1.58032328823 18542 2.42371868229 34560 0.324226874098 -0.898457392227 2.91152142566 
-1.94328312558 18328 3.49685502545 35928 0.591117541331 -0.915329893259 4.04397877379 
-2.06775062391 18188 3.64341579994 36246 0.636441723654 -0.892833225217 4.23734933674 
-1.76836983896 18320 3.18609603077 35912 0.521243072073 -0.898457392227 3.6810371018 
-1.53050752855 18448 2.68783057491 35462 0.415025080942 -0.890021141711 3.12075829121 
-1.34625429609 18588 2.34784105868 35130 0.300939873459 -0.864712390163 2.72310908228 
-1.08636148206 18808 1.82660226371 34600 0.170727057091 -0.870336557174 2.1320893104 
-0.211792112266 19504 0.344474665682 32578 -0.0586960648549 -0.864712390163 0.408612190401 
-0.310468997721 19602 0.657855515187 32654 -0.385176037801 -0.847839889131 0.823119345844 
-0.283936345836 19558 1.09436728228 33096 -1.8228226809 -0.83659155511 2.14498068127 
0.824789617979 20416 1.13373882975 33076 -2.20154043929 -0.825343221089 2.61006167625 
1.94694035678 21584 1.87942299192 33964 -2.79213124209 -0.740980715929 3.88829067952 
2.5612598948 22312 2.33404991482 34618 -3.34379792888 -0.718484047886 4.81547773775 
3.25724633795 23112 2.85179831749 35174 -3.86150058273 -0.791598219025 5.80117178682 
4.11547890028 24120 3.44352661256 35822 -4.51822933371 -0.75222904995 7.01494393577 
4.62323012241 24768 3.90884616617 36146 -5.07739596985 -0.740980715929 7.90147359359 
4.75660468134 25172 3.94731204763 36168 -5.1077962468 -0.763477383971 8.01848757527 
3.53910476928 23998 2.93329435731 35272 -3.99140394417 -0.802846553046 6.08775687754 
2.39974260301 22914 1.92672951002 34118 -2.84159268609 -0.777537801498 4.18875878502 
0.62276387266 21276 0.469136428057 32184 -0.825473986782 -0.740980715929 1.1354871783 
-0.0168911514033 20456 0.090855377457 31938 -0.194393795119 -0.766289467477 0.215241627454 
0.00397192208211 20314 -0.00347824323981 31752 0.010603094905 -0.811282803562 -0.0118448285182 
-0.0103376067935 20288 0.00565475450729 31760 -0.0184255556218 -0.814094887067 0.0218710645083 
-0.0072661530426 20298 0.00412809353705 31764 -0.013551623742 -0.763477383971 0.015921201033 
-0.00506532451176 20278 0.00281551852422 31766 -0.0093060359847 -0.791598219025 0.0109629814703 
-0.00826407402798 20266 0.00459794946426 31752 -0.0152031135776 -0.811282803562 0.0179044888581 
-0.00820337405967 20280 0.00462446275453 31764 -0.0152279256479 -0.800034469541 0.0179044888581 
-0.00771596747152 20306 0.00439080305091 31744 -0.0143954513198 -0.797222386035 0.0169128449456 
-0.00679319839713 20296 0.00392055563648 31770 -0.0127032820504 -0.802846553046 0.0149295571205 
-0.00721982654999 20288 0.00418889190132 31740 -0.0135577258993 -0.822531137583 0.015921201033 
-0.00862281105773 20298 0.00494171201985 31744 -0.0160714170334 -0.808470720057 0.0188961327707 
-0.00913951316434 20284 0.00518216650765 31754 -0.0168860330098 -0.749416966445 0.0198877766832 
-0.0059296446815 20276 0.00338305246776 31744 -0.01100000721 -0.800034469541 0.0129462692954 
-0.0072153187499 20284 0.00419245790768 31738 -0.0135590233558 -0.791598219025 0.015921201033 
-0.00678105320813 20290 0.00391887979075 31748 -0.0127102861647 -0.788786135519 0.0149295571205 
-0.00724671252286 20288 0.00417360518407 31742 -0.0135480928441 -0.79441030253 0.015921201033 
-0.00729127906217 20284 0.00415152423422 31740 -0.013530954826 -0.828155304594 0.015921201033 
-0.00773744996051 20272 0.00441391238906 31740 -0.0143768414363 -0.819719054078 0.0169128449456 
-0.00722839401463 20284 0.00418571488989 31744 -0.0135541415502 -0.825343221089 0.015921201033 
-0.00728531912407 20280 0.00414956352957 31734 -0.0135347659791 -0.777537801498 0.015921201033 

 
