-0.0114304338783 19684 0.00705563308802 31138 -0.017259973517 -0.926578227281 0.0218710645083 
-0.0114304338783 19684 0.00705563308802 31138 -0.017259973517 -0.926578227281 0.0218710645083 
-0.0114304338783 19676 0.00705563308802 31132 -0.017259973517 -0.92095406027 0.0218710645083 
-0.0140217389721 19688 0.00865516099353 31148 -0.0211728483709 -0.904081559238 0.026829284071 
-0.0129032202175 19674 0.00814170654334 31122 -0.0196097693009 -0.92095406027 0.0248459962459 
-0.00981328983491 19672 0.00619201445174 31148 -0.0149138235651 -0.932202394291 0.0188961327707 
-0.0113582550262 19690 0.00716686049754 31144 -0.017261796433 -0.932202394291 0.0218710645083 
-0.0118732434233 19672 0.00749180917948 31150 -0.0180444540556 -0.940638644807 0.0228627084208 
-0.0112703183785 19668 0.00728324117844 31146 -0.017270720434 -0.940638644807 0.0218710645083 
-0.00973731444881 19676 0.00629256487522 31150 -0.0149215337115 -0.918141976765 0.0188961327707 
-0.0102483157587 19682 0.00662279030963 31130 -0.0157045959523 -0.968759479861 0.0198877766832 
-0.00973731444881 19664 0.00629256487522 31148 -0.0149215337115 -0.968759479861 0.0188961327707 
-0.00871531182903 19666 0.00563211400641 31142 -0.0133554092298 -0.96313531285 0.0169128449456 
-0.0143363262378 19674 0.00926459378488 31144 -0.0219690938791 -0.932202394291 0.0278209279836 
-0.0101981098196 19682 0.00670573290371 31146 -0.0157020815095 -0.932202394291 0.0198877766832 
-0.0117236036468 19686 0.0077088162527 31138 -0.0180508921068 -0.918141976765 0.0228627084208 
-0.00918111393484 19692 0.00603701067105 31150 -0.014136207778 -0.918141976765 0.0179044888581 
-0.00918111393484 19684 0.00603701067105 31162 -0.014136207778 -0.926578227281 0.0179044888581 
-0.00967607348965 19670 0.00640220501607 31146 -0.014914731189 -0.946262811818 0.0188961327707 
-0.0117072233529 19674 0.0077461218287 31152 -0.0180455522031 -0.946262811818 0.0228627084208 
-0.0101838609555 19690 0.00673818421922 31156 -0.0156974364426 -0.946262811818 0.0198877766832 
-0.0117072233529 19682 0.0077461218287 31144 -0.0180455522031 -0.898457392227 0.0228627084208 
-0.0111994358871 19678 0.00741014262554 31152 -0.0172628469496 -0.951886978829 0.0218710645083 
-0.0106916484213 19684 0.00707416342238 31148 -0.0164801416961 -0.951886978829 0.0208794205958 
-0.0117070222556 19682 0.00773887512281 31142 -0.018048791596 -0.932202394291 0.0228627084208 
-0.00815257105146 19680 0.00538922092395 31150 -0.0125688712865 -0.923766143775 0.015921201033 
-0.013230358486 19680 0.00874586977947 31150 -0.0203973288715 -0.923766143775 0.0258376401585 
-0.013230358486 19682 0.00874586977947 31144 -0.0203973288715 -0.923766143775 0.0258376401585 
-0.00920298110925 19686 0.00601381403502 31158 -0.0141318753435 -0.912517809754 0.0179044888581 
-0.0107321082907 19674 0.00701304313219 31154 -0.0164799660824 -0.940638644807 0.0208794205958 
-0.0127709445326 19690 0.00834534859508 31142 -0.0196107537342 -0.932202394291 0.0248459962459 
-0.0107321082907 19678 0.00701304313219 31152 -0.0164799660824 -0.943450728313 0.0208794205958 
-0.0107321082907 19682 0.00701304313219 31148 -0.0164799660824 -0.912517809754 0.0208794205958 
-0.0117515264117 19684 0.00767919586364 31144 -0.0180453599083 -0.912517809754 0.0228627084208 
-0.00823952673492 19682 0.00527983243647 31156 -0.0125585911217 -0.926578227281 0.015921201033 
-0.0113186951389 19674 0.00725294251178 31144 -0.0172518239036 -0.912517809754 0.0218710645083 
-0.0138846688088 19682 0.00889720090787 31146 -0.0211628512218 -0.912517809754 0.026829284071 
-0.0113186951389 19686 0.00725294251178 31146 -0.0172518239036 -0.923766143775 0.0218710645083 
-0.0129110382812 19686 0.00813699143777 31146 -0.0196065802805 -0.923766143775 0.0248459962459 
-0.0113651369952 19694 0.00716270995445 31144 -0.0172589892495 -0.929390310786 0.0218710645083 
-0.0144569395672 19686 0.00911127292109 31148 -0.0219541713115 -0.954699062334 0.0278209279836 
-0.0118804374239 19674 0.00748747044889 31140 -0.0180415195931 -0.923766143775 0.0228627084208 
-0.0123957378526 19676 0.00781223094333 31138 -0.0188240499368 -0.92095406027 0.0238543523334 
-0.00930393528056 19678 0.00586366797669 31154 -0.0141288678748 -0.92095406027 0.0179044888581 
-0.009866876367 19662 0.00610668045783 31142 -0.0149136527461 -0.909705726249 0.0188961327707 
-0.009866876367 19684 0.00610668045783 31136 -0.0149136527461 -0.909705726249 0.0188961327707 
-0.010902477461 19682 0.00674762139271 31146 -0.0164789500626 -0.909705726249 0.0208794205958 
-0.011420278008 19682 0.00706809186015 31146 -0.0172615987209 -0.909705726249 0.0218710645083 
-0.013009277368 19682 0.0079822080772 31144 -0.0196052693434 -0.943450728313 0.0248459962459 
-0.0114516134393 19678 0.00702645955699 31152 -0.0172578352773 -0.943450728313 0.0218710645083 
-0.0109323921297 19670 0.00670787671692 31140 -0.0164753572552 -0.918141976765 0.0208794205958 
-0.0114786424324 19676 0.00699811976695 31146 -0.0172513927079 -0.929390310786 0.0218710645083 
-0.0119990892487 19668 0.00731541766818 31140 -0.018033578621 -0.918141976765 0.0228627084208 
-0.0130399828812 19684 0.00795001347064 31130 -0.0195979504471 -0.906893642743 0.0248459962459 
-0.011951656861 19674 0.00736650294898 31146 -0.0180442780104 -0.92095406027 0.0228627084208 
-0.0135068253327 19674 0.00832504395011 31146 -0.020392227971 -0.92095406027 0.0258376401585 
-0.0109148778799 19674 0.00672747561489 31146 -0.0164789780367 -0.935014477797 0.0208794205958 
-0.0124700463516 19686 0.00768601661602 31132 -0.0188269279972 -0.946262811818 0.0238543523334 
-0.0124700463516 19686 0.00768601661602 31132 -0.0188269279972 -0.946262811818 0.0238543523334 
-0.0124700463516 19680 0.00768601661602 31136 -0.0188269279972 -0.898457392227 0.0238543523334 
-0.0135068253327 19692 0.00832504395011 31134 -0.020392227971 -0.92095406027 0.0258376401585 
-0.0119336780463 19680 0.00742236271842 31142 -0.018033283015 -0.926578227281 0.0228627084208 
-0.00831041028654 19680 0.00516880707241 31142 -0.0125580713747 -0.926578227281 0.015921201033 
-0.0129688974062 19680 0.00806623576014 31140 -0.019597629198 -0.918141976765 0.0248459962459 
-0.00986323932645 19662 0.00613461663498 31142 -0.0149045906491 -0.918141976765 0.0188961327707 
-0.0139514816728 19686 0.00879327396226 31138 -0.021162348072 -0.937826561302 0.026829284071 
-0.00982616790441 19686 0.0061931906882 31138 -0.0149048531392 -0.926578227281 0.0188961327707 
-0.0139514816728 19676 0.00879327396226 31142 -0.021162348072 -0.926578227281 0.026829284071 
-0.0149828101149 19682 0.00944329478077 31148 -0.0227267218052 -0.943450728313 0.0288125718961 
-0.010311592693 19684 0.00656560627289 31162 -0.0156871773052 -0.946262811818 0.0198877766832 
-0.0123682183854 19686 0.00787510277345 31136 -0.0188159521557 -0.946262811818 0.0238543523334 
-0.0123682183854 19688 0.00787510277345 31136 -0.0188159521557 -0.946262811818 0.0238543523334 
-0.0133965312316 19684 0.00852985102373 31152 -0.0203803395809 -0.923766143775 0.0258376401585 
-0.0128823748085 19692 0.00820247689859 31150 -0.0195981458683 -0.923766143775 0.0248459962459 
-0.0108257491161 19676 0.00689298039803 31146 -0.0164693710178 -0.946262811818 0.0208794205958 
-0.0108159902124 19674 0.00690222385094 31148 -0.0164719114268 -0.946262811818 0.0208794205958 
-0.0108159902124 19678 0.00690222385094 31146 -0.0164719114268 -0.946262811818 0.0208794205958 
-0.0138981478239 19670 0.00886910264437 31138 -0.0211657976252 -0.946262811818 0.026829284071 
-0.0138981478239 19670 0.00886910264437 31138 -0.0211657976252 -0.946262811818 0.026829284071 
-0.0138981478239 19670 0.00886910264437 31138 -0.0211657976252 -0.946262811818 0.026829284071 
-0.0138981478239 19678 0.00886910264437 31148 -0.0211657976252 -0.92095406027 0.026829284071 
-0.00980401177911 19670 0.00622322826636 31152 -0.0149069318328 -0.92095406027 0.0188961327707 
-0.00723150429377 19686 0.00459029455934 31140 -0.0109954520644 -0.915329893259 0.0139379132079 
-0.00723150429377 19686 0.00459029455934 31140 -0.0109954520644 -0.915329893259 0.0139379132079 
-0.00723150429377 19686 0.00459029455934 31140 -0.0109954520644 -0.909705726249 0.0139379132079 
-0.00723150429377 19678 0.00459029455934 31132 -0.0109954520644 -0.92095406027 0.0139379132079 
-0.01188640637 19678 0.00747383215126 31132 -0.0180432428604 -0.92095406027 0.0228627084208 
-0.0113708470451 19682 0.00714966320243 31132 -0.017260637772 -0.926578227281 0.0218710645083 
-0.0139486436695 19692 0.00877050794657 31154 -0.0211736632141 -0.929390310786 0.026829284071 
-0.00982416907036 19682 0.00617715635594 31154 -0.0149128225067 -0.929390310786 0.0188961327707 
-0.00982416907036 19674 0.00617715635594 31134 -0.0149128225067 -0.96313531285 0.0188961327707 
-0.010387528662 19680 0.00642869309033 31154 -0.0156937826813 -0.96313531285 0.0198877766832 
-0.0114234141436 19690 0.00706978781602 31154 -0.0172588288208 -0.932202394291 0.0218710645083 
-0.0119413568845 19688 0.00739033517886 31160 -0.0180413518905 -0.906893642743 0.0228627084208 
-0.010387528662 19688 0.00642869309033 31160 -0.0156937826813 -0.906893642743 0.0198877766832 
-0.0130080179921 19688 0.00796798564269 31144 -0.0196118893064 -0.951886978829 0.0248459962459 
-0.0109313338087 19692 0.00669592484391 31134 -0.0164809203645 -0.932202394291 0.0208794205958 
-0.00989299171704 19676 0.00605989444451 31146 -0.0149154358935 -0.932202394291 0.0188961327707 
-0.0130080179921 19676 0.00796798564269 31146 -0.0196118893064 -0.932202394291 0.0248459962459 
-0.00885464962534 19682 0.00542386404512 31140 -0.0133499514226 -0.937826561302 0.0169128449456 
-0.0109313338087 19672 0.00669592484391 31146 -0.0164809203645 -0.929390310786 0.0208794205958 
-0.0107918923593 19682 0.00691549198921 31154 -0.0164821489578 -0.935014477797 0.0208794205958 
-0.0109310472423 19682 0.0067123199517 31156 -0.016474439944 -0.892833225217 0.0208794205958 
0.000461509364982 19704 -0.000335039438869 31168 0.000743135098869 -0.935014477797 -0.000936745480232 
-0.147856472622 19776 0.284491047304 31252 -0.529308151563 -0.935014477797 0.61884069986 
0.0898797738073 19948 1.07374009074 31866 -1.42436645326 -0.946262811818 1.78600558492 
0.59190233677 20426 1.56780473349 32424 -2.01780143442 -0.918141976765 2.62295304711 
1.12611540873 20986 2.10207811288 33368 -2.58695246006 -0.859088223153 3.51840750014 
1.60667515241 21412 2.63116511516 34058 -3.18503102652 -0.960323229345 4.43270318751 
1.94042388553 21780 3.06722716551 34570 -3.6964097133 -0.918141976765 5.18040269756 
2.24289161797 22102 3.34335335895 34958 -3.96894791066 -0.845027805626 5.65341684385 
2.48439829559 22412 3.7012436135 35492 -4.29457515894 -0.943450728313 6.18989620054 
2.69786148032 22656 4.08315542296 35924 -4.72795275548 -0.890021141711 6.80471542631 
2.84434174807 22836 4.30568777005 36168 -5.04288529323 -0.906893642743 7.21525600611 
3.10480099505 23156 4.72919207649 36696 -5.42488050556 -0.92095406027 7.83800838318 
3.27264445101 23350 4.98714749642 37118 -5.82128986057 -0.943450728313 8.33482198337 
3.42300181957 23488 5.29160197136 37444 -6.06614099381 -0.892833225217 8.74734585099 
3.58143800247 23666 5.61882635063 37894 -6.44753397789 -0.875960724185 9.27192548072 
3.55638906934 23606 5.82621096667 38186 -6.8307316796 -0.890021141711 9.65668331879 
3.88859866202 23928 6.23172425135 38642 -7.19105079431 -0.881584891195 10.2794356959 
3.92961336145 23936 6.43244640153 38832 -7.45649150972 -0.887209058206 10.6027116114 
3.6527057575 23680 6.01989750394 38614 -6.95854648295 -0.875960724185 9.89963607736 
3.10910541601 23176 5.30505631089 38058 -6.16411103289 -0.937826561302 8.70668845057 
2.77576022483 22898 4.85992655879 37572 -5.62525565694 -0.935014477797 7.93518948661 
2.50336604427 22682 4.57498320272 37288 -5.10745094291 -0.909705726249 7.29954573867 
2.09510140791 22330 3.96143079191 36586 -4.46320538997 -0.940638644807 6.32475977264 
1.7390693986 22042 3.60406528996 36070 -4.12847715947 -0.929390310786 5.74960630337 
1.52050358923 21860 3.25518494043 35734 -3.70035469423 -0.932202394291 5.15759488758 
1.30573801394 21694 3.04490469225 35496 -3.46724866032 -0.906893642743 4.7956448595 
1.06255427861 21492 2.59223709675 34940 -2.98879434366 -0.887209058206 4.09653590115 
0.88023454229 21362 2.30790398877 34534 -2.67145929997 -0.985631980893 3.63839641356 
0.648501792146 21180 1.90427113075 34090 -2.30222454772 -0.960323229345 3.05729308081 
0.507199014935 21050 1.5668258787 33700 -1.81179042122 -0.949074895323 2.4484237185 
0.197824566601 20760 0.926051585055 32808 -1.11874209743 -0.949074895323 1.46570460117 
-0.0138985169309 20470 0.163893145624 31806 -0.270274048576 -0.951886978829 0.316389306534 
-0.0330042117111 20342 0.0248508980952 31586 -0.0570788422618 -0.965947396355 0.070461616223 
-0.00984608767305 20362 0.0056659584816 31474 -0.0186894337727 -0.909705726249 0.0218710645083 
-0.00685411524587 20336 0.00389166901573 31462 -0.0126794200294 -0.932202394291 0.0149295571205 
-0.0100838467697 20340 0.00567361715478 31478 -0.0185598913098 -0.937826561302 0.0218710645083 
-0.00622139690839 20356 0.00352640242909 31454 -0.0119634497955 -0.951886978829 0.0139379132079 
-0.294683205485 20234 0.0728321937017 31448 -0.561926346902 -0.923766143775 0.638673578111 
-0.401561611252 20082 -0.341386132405 30714 -1.31010986901 -0.912517809754 1.4121558299 
-0.425865661142 20004 -0.866508293091 29832 -1.99943404062 -0.929390310786 2.22034561862 
-0.46692196653 19958 -1.23170303328 29266 -2.57870318313 -0.935014477797 2.89565512306 
-0.459919899315 19938 -1.55656596859 28710 -3.06005739388 -0.926578227281 3.46386708495 
-0.543989632212 19860 -1.99680798607 28110 -3.66684804234 -0.985631980893 4.2105749511 
-0.560457837303 19822 -2.33860862863 27764 -4.17200461858 -0.932202394291 4.81547773775 
-0.474717272843 19854 -2.70333840752 27300 -4.53323780275 -0.965947396355 5.29939996707 
-0.381714389833 19930 -2.95309049533 26894 -4.91848790735 -0.943450728313 5.74960630337 
-0.378213170133 19920 -3.23224660539 26654 -5.40709738518 -0.943450728313 6.31087675787 
-0.303163343331 19994 -3.51157539768 26248 -5.70566778901 -0.974383646871 6.70654267897 
-0.294047113111 20004 -3.92269840964 25794 -6.35163842781 -0.96313531285 7.47110013554 
-0.490914732666 19762 -4.23469433477 25458 -6.86967414162 -0.985631980893 8.08492771741 
-0.53065235685 19688 -4.60067414847 25138 -7.53278062546 -0.954699062334 8.84254366659 
-0.175790961571 19852 -4.65193364059 24866 -7.26124517828 -0.943450728313 8.62537364974 
-0.317140911897 19852 -4.70334658753 24842 -7.28826870348 -0.971571563366 8.67991406493 
-0.308620740059 19850 -4.65601433351 24898 -7.36126334368 -0.965947396355 8.71561324579 
-0.17611337598 19842 -4.11802788164 25192 -6.43355947456 -0.92095406027 7.64067124459 
-0.10343317751 19812 -3.55127310911 25618 -5.62847066917 -0.92095406027 6.65596883943 
0.0844178602494 19820 -3.10397546543 25986 -4.87198532511 -0.943450728313 5.77737233292 
0.0704236054613 19782 -2.72343214718 26364 -4.36416453979 -0.929390310786 5.14470351671 
0.197056800047 19798 -2.15224418578 26878 -3.35330165649 -0.960323229345 3.9894383586 
0.258964067037 19826 -1.5698738305 27568 -2.56291330257 -0.867524473669 3.01663568039 
0.199473225736 19818 -0.982172274947 28274 -1.70804117201 -0.943450728313 1.98036779178 
0.0456648746621 19742 -0.318788810482 29218 -0.67265368352 -0.940638644807 0.745771120666 
0.000138409821314 19640 0.000143572294041 29886 0.000915271441968 -0.943450728313 -0.000936745480232 
-0.0451406392527 19620 0.0261128454178 30236 -0.111418370415 -0.957511145839 0.123018743588 
-0.00721821826681 19588 0.00451750576016 30308 -0.0134526617847 -0.954699062334 0.015921201033 
-0.00734296658508 19566 0.00479539685351 30310 -0.0156094757125 -0.918141976765 0.0179044888581 
-0.00754738633956 19578 0.00478525214163 30312 -0.015514800761 -0.946262811818 0.0179044888581 
0.00573658356193 19564 -0.0029849483677 30336 0.00871626688234 -0.985631980893 -0.0108531846057 
-0.757035654253 19084 0.222741422001 31068 -0.281987993977 -0.957511145839 0.837994004532 
-1.89834983469 18344 0.364608378388 31778 -0.26122991454 -0.988444064398 1.95061847441 
-2.62719860948 17794 0.435839291336 32186 -0.0518863627253 -1.03624948399 2.66361044753 
-2.7455271569 17636 0.418064072699 32254 0.0513789124209 -1.01937698296 2.77764949747 
-2.11474398812 17790 0.400200044049 32092 0.0523044922974 -1.02218906646 2.15291383257 
-1.23380493419 18212 0.267648604134 31810 -0.047880313352 -1.02781323347 1.26340924301 
-0.18390838754 19136 0.0517108837712 31388 -0.0360790842714 -0.971571563366 0.194417105291 
0.0125485587187 19392 -0.00548995571382 31244 0.00973326693114 -0.929390310786 -0.0168030480809 
-0.241767882659 19318 0.0837298685916 31330 -0.105420696083 -0.991256147904 0.276723550032 
-1.03099878832 19006 0.348233333499 31692 -0.295217085749 -0.974383646871 1.127554027 
-2.46189525793 17908 0.625089425173 32288 -0.360285363386 -1.02781323347 2.56543770018 
-3.48892261462 16954 0.827120212462 32882 -0.151256848377 -1.04749781801 3.58881421793 
-4.26281059134 16208 1.00095628526 33362 0.110507400295 -1.13467240668 4.38014606014 
-4.40182940044 16046 1.04641602367 33446 0.175496235791 -1.1487328242 4.52790100311 
-3.94021751819 16146 0.912813153392 33330 0.0569538098163 -1.0953032376 4.0449704177 
-3.36155661019 16356 0.76709430124 33104 -0.0145905641459 -1.04749781801 3.44800078235 
-2.63358213284 16790 0.627049026904 32738 -0.127807318782 -1.01937698296 2.71021771142 
-2.04384804056 17288 0.50477395111 32502 -0.159146006655 -1.06999448605 2.11126478824 
-1.59950338257 17732 0.405656962956 32292 -0.181254419738 -1.0446857345 1.66006680803 
-0.486779908654 18770 0.139387052944 31764 -0.107808319562 -0.965947396355 0.517693020781 
0.0396249637641 19330 -0.0208088066356 31410 0.0310729359643 -0.977195730377 -0.0544855167576 
-0.0291750424402 19398 0.0189516435515 31320 -0.043353915086 -0.954699062334 0.0555869575348 
-0.142967457055 19432 0.160303282436 31338 -0.33588906792 -0.977195730377 0.398695751275 
0.0991530074457 19656 0.746407805337 31792 -1.21921153154 -0.943450728313 1.43298035206 
0.9251804568 20526 1.81421787589 33082 -2.24827449517 -0.929390310786 3.03349362691 
1.44252085478 21140 2.59086355074 34206 -2.73207267197 -0.92095406027 4.03207904684 
1.85666454553 21652 3.37005947762 35340 -3.28072465394 -0.909705726249 5.0564472085 
2.25770257121 22120 4.12069241397 36510 -3.95606991366 -0.923766143775 6.14229729273 
2.53466829051 22438 4.51989425619 36960 -4.3240592843 -0.901269475733 6.74918336721 
2.74418978389 22684 4.98773690109 37622 -4.76911429752 -0.923766143775 7.42647615948 
2.92534477238 22898 5.37933591451 38144 -5.12461529279 -0.909705726249 7.98477168224 
3.18805750166 23148 5.8716009141 38710 -5.51600541149 -0.937826561302 8.66404776233 
3.43846777238 23444 6.42740999507 39240 -5.98810982542 -0.923766143775 9.43356343847 
3.57549039618 23542 6.88444141717 39764 -6.27064430852 -0.926578227281 9.97500101472 
2.9792341899 22966 5.92098220052 39250 -5.31087761367 -0.943450728313 8.49348500938 
2.14095572422 22192 4.5906120348 37668 -4.1650065208 -0.980007813882 6.55779609209 
1.36018396601 21630 3.12414663439 35922 -2.83676880334 -0.929390310786 4.43369483142 
0.620859632432 21070 1.6376965985 33900 -1.67094787925 -0.898457392227 2.42065768895 
0.349745028504 20770 0.862811521035 32664 -1.1075415552 -0.935014477797 1.44686336683 
0.410610800437 20814 0.725928176512 32524 -1.1542795511 -0.92095406027 1.42405555685 
0.886946523939 21056 0.570673059634 31810 -1.3968645714 -0.915329893259 1.75030640407 
2.46434885908 22054 1.13658518722 31718 -2.46346012759 -0.845027805626 3.6651707992 
3.52257575447 23300 1.96145951652 32694 -3.7068337615 -0.830967388099 5.47690422742 
4.33424754212 24282 2.70937006303 33750 -4.51896066733 -0.859088223153 6.82256501674 
4.69461305813 24752 3.16087911624 34396 -5.15968921809 -0.867524473669 7.65852083501 
4.90105926079 25094 3.54129579573 35020 -5.52703537796 -0.783161968509 8.19202525996 
5.1641562902 25376 4.10861196503 35740 -6.12293821798 -0.867524473669 9.00219833651 
5.4358458702 25668 4.49700075653 36258 -6.64322216666 -0.856276139647 9.69039921182 
5.33204735969 25622 4.49883084426 36338 -6.70557661208 -0.881584891195 9.67651619704 
4.44589346776 24828 3.64224540583 35754 -5.63827025941 -0.870336557174 8.05121182438 
3.615459412 23982 2.82710735522 34914 -4.67852525619 -0.881584891195 6.55382951644 
2.58109631238 22994 2.00669503045 33984 -3.68801802786 -0.929390310786 4.92852514378 
1.80785999399 22270 1.22529091677 33004 -2.6476124147 -0.980007813882 3.43213447975 
0.853807754144 21464 0.449526106537 32086 -1.48047574802 -0.915329893259 1.76716435059 
-0.0321625292462 20426 0.0364139866988 31554 -0.0977251277234 -0.937826561302 0.109135728812 
0.00438323692598 20380 -0.00264510942041 31530 0.00842855948826 -0.935014477797 -0.00986154069313 
-0.00342058342162 20364 0.00200014953179 31512 -0.00693598943467 -0.937826561302 0.00798804973267 
-0.0056441676703 20350 0.00319100790941 31512 -0.0112056560942 -0.946262811818 0.0129462692954 
-0.00354926994046 20350 0.00194281854076 31514 -0.00688745798819 -0.951886978829 0.00798804973267 
-0.00359388537961 20356 0.00192371242172 31512 -0.00686966206799 -0.99969239842 0.00798804973267 
-0.00264954741183 20352 0.00147300834105 31512 -0.00518336864466 -0.954699062334 0.00600476190758 

 
