-0.0140435389401 19270 0.0056969619363 31102 -0.0245048553965 0.00140932948045 0.0288125718961 
-0.0140435389401 19260 0.0056969619363 31104 -0.0245048553965 -0.0267115055729 0.0288125718961 
-0.0154935507562 19276 0.00628517991745 31094 -0.0270350103687 -0.0210873385622 0.0317875036337 
-0.0154935507562 19268 0.00628517991745 31094 -0.0270350103687 -0.0154631715516 0.0317875036337 
-0.0159227754292 19266 0.0065133556049 31094 -0.0279018625769 -0.0154631715516 0.0327791475463 
-0.0168861759143 19266 0.00690744330512 31104 -0.0295900524319 -0.0154631715516 0.0347624353714 
-0.0173678761569 19260 0.00710448715523 31092 -0.0304341473595 -0.0238994220676 0.0357540792839 
-0.0139959744588 19260 0.00572518020446 31100 -0.0245254828667 -0.0379598395943 0.0288125718961 
-0.0140224949295 19258 0.00570449324035 31106 -0.0245151522959 -0.0379598395943 0.0288125718961 
-0.0164355599252 19252 0.00668615256884 31092 -0.0287338491944 -0.0379598395943 0.0337707914588 
-0.0149877209278 19264 0.00609715697175 31104 -0.0262026310553 -0.0295235890783 0.0307958597212 
-0.0145051079286 19264 0.00590082510605 31094 -0.0253588916756 -0.0323356725836 0.0298042158086 
-0.0140224949295 19270 0.00570449324035 31086 -0.0245151522959 -0.0154631715516 0.0288125718961 
-0.015952946926 19266 0.00648982070314 31088 -0.0278901098147 -0.0323356725836 0.0327791475463 
-0.0145101805557 19256 0.00590254952057 31090 -0.025355588129 -0.0323356725836 0.0298042158086 
-0.0159585258814 19252 0.00649171724148 31096 -0.027886476522 -0.0267115055729 0.0327791475463 
-0.0135446170052 19268 0.00550977103996 31084 -0.0236683292004 -0.0267115055729 0.0278209279836 
-0.0159585258814 19248 0.00649171724148 31088 -0.027886476522 -0.0154631715516 0.0327791475463 
-0.0144980753835 19254 0.00590513590431 31086 -0.0253619096303 -0.0238994220676 0.0298042158086 
-0.015462833409 19252 0.00629808649291 31082 -0.0270495892161 -0.0238994220676 0.0317875036337 
-0.015462833409 19252 0.00629808649291 31082 -0.0270495892161 -0.0238994220676 0.0317875036337 
-0.015462833409 19268 0.00629808649291 31090 -0.0270495892161 0.00140932948045 0.0317875036337 
-0.0140156963708 19254 0.00570866061002 31090 -0.0245180698374 -0.0379598395943 0.0288125718961 
-0.0130509383452 19262 0.00531571002143 31104 -0.0228303902516 -0.0435840066049 0.026829284071 
-0.0149850120811 19252 0.0060990680442 31080 -0.0262037355713 -0.0463960901103 0.0307958597212 
-0.0145024863083 19248 0.00590267464089 31094 -0.0253599606255 -0.0463960901103 0.0298042158086 
-0.0145024863083 19250 0.00590267464089 31080 -0.0253599606255 -0.0126510880462 0.0298042158086 
-0.0149850120811 19252 0.0060990680442 31088 -0.0262037355713 -0.0238994220676 0.0307958597212 
-0.0179253247412 19258 0.00725568839756 31084 -0.031245573959 -0.0098390045409 0.0367457231965 
-0.0140553692495 19258 0.00568923470339 31088 -0.0244998674082 -0.0098390045409 0.0288125718961 
-0.014539113686 19240 0.00588504141516 31082 -0.025343080727 -0.0126510880462 0.0298042158086 
-0.0150228581225 19260 0.00608084812693 31094 -0.0261862940459 -0.00702692103556 0.0307958597212 
-0.0140553692495 19250 0.00568923470339 31090 -0.0244998674082 -0.0463960901103 0.0288125718961 
-0.0140553692495 19264 0.00568923470339 31084 -0.0244998674082 -0.0295235890783 0.0288125718961 
-0.0169574138594 19262 0.00687561323328 31086 -0.0295567077127 -0.0295235890783 0.0347624353714 
-0.0164736814613 19252 0.00667947737758 31090 -0.0287135639869 -0.0548323406263 0.0337707914588 
-0.0135712870727 19254 0.00550266224338 31084 -0.0236547016319 -0.0210873385622 0.0278209279836 
-0.0164736814613 19258 0.00667947737758 31092 -0.0287135639869 -0.0379598395943 0.0337707914588 
-0.0164598238177 19260 0.00666031017672 31096 -0.0287259608019 0.00422141298578 0.0337707914588 
-0.0154931728519 19264 0.00626916411487 31088 -0.0270389453113 0.00422141298578 0.0317875036337 
-0.0140431964031 19246 0.00568244502209 31080 -0.0245084220753 -0.0660806746476 0.0288125718961 
-0.0140431964031 19246 0.00568244502209 31088 -0.0245084220753 -0.0210873385622 0.0288125718961 
-0.0145265218861 19252 0.00587801805301 31086 -0.0253519298206 -0.0492081736156 0.0298042158086 
-0.0140248635432 19256 0.00570794796617 31092 -0.0245129931236 -0.0492081736156 0.0288125718961 
-0.0159556416226 19256 0.00649375103494 31092 -0.027887653393 -0.0492081736156 0.0327791475463 
-0.0149902525829 19250 0.00610084950055 31078 -0.0262003232583 -0.0210873385622 0.0307958597212 
-0.0159556416226 19236 0.00649375103494 31090 -0.027887653393 -0.0463960901103 0.0327791475463 
-0.0145205120215 19236 0.00590153070256 31090 -0.0253499101768 -0.0463960901103 0.0298042158086 
-0.0145205120215 19236 0.00590153070256 31090 -0.0253499101768 -0.0463960901103 0.0298042158086 
-0.0145205120215 19236 0.00590153070256 31090 -0.0253499101768 -0.0463960901103 0.0298042158086 
-0.0140373864984 19246 0.0057051753603 31080 -0.0245064696289 -0.0154631715516 0.0288125718961 
-0.0145075176136 19254 0.0059044241157 31086 -0.0253566754233 -0.0492081736156 0.0298042158086 
-0.0188517561798 19254 0.0076724886211 31086 -0.0329496661896 -0.0210873385622 0.0387290110216 
-0.0188517561798 19250 0.0076724886211 31092 -0.0329496661896 -0.0210873385622 0.0387290110216 
-0.0145075176136 19258 0.0059044241157 31090 -0.0253566754233 -0.0435840066049 0.0298042158086 
-0.0154980078804 19260 0.0062873431365 31094 -0.0270319524875 -0.0323356725836 0.0317875036337 
-0.0145310552472 19254 0.00589506284805 31086 -0.0253453732936 -0.0323356725836 0.0298042158086 
-0.0174319131469 19252 0.00707190371342 31092 -0.0304051108755 -0.0295235890783 0.0357540792839 
-0.0150145315638 19268 0.00609120299228 31100 -0.0261886628905 -0.0295235890783 0.0307958597212 
-0.0154980078804 19256 0.0062873431365 31098 -0.0270319524875 -0.0295235890783 0.0317875036337 
-0.0121136736641 19258 0.0049143621269 31092 -0.0211289253086 -0.0379598395943 0.0248459962459 
-0.0150145315638 19252 0.00609120299228 31094 -0.0261886628905 -0.0267115055729 0.0307958597212 
-0.0130248406042 19254 0.00533147724232 31090 -0.0228416146849 -0.0323356725836 0.026829284071 
-0.0144690838269 19248 0.00592265145385 31092 -0.0253743786709 -0.0267115055729 0.0298042158086 
-0.0154869495594 19248 0.00628845623415 31092 -0.0270380306014 -0.0267115055729 0.0317875036337 
-0.0145206868776 19258 0.00589610649724 31092 -0.0253510721814 0.00422141298578 0.0298042158086 
-0.0150038182185 19260 0.00609228136569 31110 -0.0261945513914 -0.0492081736156 0.0307958597212 
-0.0154869495594 19262 0.00628845623415 31092 -0.0270380306014 -0.0295235890783 0.0317875036337 
-0.0145206868776 19262 0.00589610649724 31102 -0.0253510721814 -0.0098390045409 0.0298042158086 
-0.0183857376048 19262 0.00746550544489 31106 -0.0320989058614 -0.0267115055729 0.037737367109 
-0.0135375547662 19260 0.00550484844382 31102 -0.0236735144925 -0.0267115055729 0.0278209279836 
-0.0154676749668 19258 0.00628970356469 31096 -0.0270487716441 -0.0126510880462 0.0317875036337 
-0.0159502050169 19266 0.00648591734491 31094 -0.027892585932 -0.0126510880462 0.0327791475463 
-0.0120899646158 19268 0.00491620710317 31104 -0.0211420716288 -0.0463960901103 0.0248459962459 
-0.0169214534633 19252 0.00687511822622 31096 -0.029577425091 -0.0154631715516 0.0347624353714 
-0.0169214534633 19248 0.00687511822622 31096 -0.029577425091 -0.00702692103556 0.0347624353714 
-0.0149906271401 19266 0.00609063128631 31104 -0.0262024862265 -0.00702692103556 0.0307958597212 
-0.0159440412892 19260 0.00650086094804 31102 -0.0278926310728 -0.0182752550569 0.0327791475463 
-0.0149793541225 19250 0.00610752923151 31094 -0.0262049997658 -0.0182752550569 0.0307958597212 
-0.0169087284558 19260 0.00689419266457 31088 -0.0295802623798 -0.0351477560889 0.0347624353714 
-0.0149793541225 19262 0.00610752923151 31104 -0.0262049997658 -0.0295235890783 0.0307958597212 
-0.0149793541225 19260 0.00610752923151 31110 -0.0262049997658 -0.052020257121 0.0307958597212 
-0.0159565797821 19252 0.00649344196439 31090 -0.0278871885814 -0.0210873385622 0.0327791475463 
-0.0164393026834 19252 0.0066898833815 31090 -0.0287308395871 -0.0210873385622 0.0337707914588 
-0.0169220255847 19262 0.0068863247986 31092 -0.0295744905929 -0.0210873385622 0.0347624353714 
-0.0145084110782 19272 0.00590411771308 31110 -0.0253562355642 -0.00140275402489 0.0298042158086 
-0.0183701942886 19260 0.00747564904991 31100 -0.0321054436101 -0.00140275402489 0.037737367109 
-0.0164599690513 19258 0.0066824130487 31106 -0.0287207439046 -0.0098390045409 0.0337707914588 
-0.0154933095562 19260 0.00628996893148 31100 -0.0270340347914 -0.0210873385622 0.0317875036337 
-0.0145266500611 19264 0.00589752481427 31106 -0.0253473256782 -0.00140275402489 0.0298042158086 
-0.013559990566 19272 0.00550508069705 31094 -0.023660616565 -0.00140275402489 0.0278209279836 
-0.0169432987989 19258 0.00687863510731 31096 -0.0295640984612 -0.0182752550569 0.0347624353714 
-0.0154804030262 19258 0.00629272917291 31096 -0.0270407852876 -0.0182752550569 0.0317875036337 
-0.0164462572563 19246 0.00668534550727 31090 -0.0287279155781 -0.0435840066049 0.0337707914588 
-0.0149974759111 19252 0.00609642100573 31090 -0.0261972201423 -0.0351477560889 0.0307958597212 
-0.0159633301413 19250 0.00648903734009 31096 -0.0278843504328 -0.0351477560889 0.0327791475463 
-0.0164462572563 19264 0.00668534550727 31088 -0.0287279155781 -0.0492081736156 0.0337707914588 
-0.0174194748361 19260 0.0070731554912 31096 -0.0304119475416 -0.0492081736156 0.0357540792839 
-0.0145206868051 19264 0.00589610631654 31082 -0.0253510722649 -0.00702692103556 0.0298042158086 
-0.0159700808206 19262 0.00648463090387 31082 -0.0278815099033 -0.0351477560889 0.0327791475463 
-0.0145206868051 19262 0.00589610631654 31082 -0.0253510722649 -0.0351477560889 0.0298042158086 
-0.0174228942381 19266 0.00706554795099 31090 -0.0304117571666 -0.0435840066049 0.0357540792839 
-0.0178896013738 19256 0.0072773058447 31090 -0.0312610165471 -0.0267115055729 0.0367457231965 
-0.0159500650927 19248 0.00649185434931 31096 -0.0278912847411 -0.0210873385622 0.0327791475463 
0.00382717464789 19252 -0.00155385969776 31096 0.00670858573077 0.00422141298578 -0.00787825286804 
-0.0460590033038 19238 0.0371919689655 31310 -0.120132096249 -0.0126510880462 0.133926826626 
0.00828842301071 19436 0.350281334049 31602 -0.998444957504 -0.0548323406263 1.05813895312 
0.562159329537 20210 0.686361038286 32290 -1.58652372853 0.00703349649112 1.81773819013 
1.18321685618 21144 1.3382087913 33500 -2.20932747356 0.0182818305125 2.84111470787 
1.69308892656 21924 1.92608640944 34556 -2.81232235449 0.0773355841245 3.80598423478 
1.96131514 22262 2.18774201636 34926 -3.03530441585 0.0295301645338 4.22445796587 
2.27302423327 22710 2.52677989044 35512 -3.30130512042 0.0492147490712 4.73812951257 
2.45934420864 22972 2.789728762 35734 -3.45217721177 0.0492147490712 5.07429679892 
2.73179509477 23414 3.13275408633 36144 -3.75403475723 0.0857718346406 5.60085971648 
2.76551840457 23472 3.29720989151 36306 -3.92416274246 0.0773355841245 5.82397959681 
2.96233304324 23720 3.58786427076 36644 -4.18994301997 0.0323422480391 6.26129456224 
3.2796363988 24154 3.97708885022 37084 -4.45712427812 0.0604630830925 6.81463186544 
3.42521437875 24398 4.21776036143 37452 -4.6595767337 0.0464026655658 7.15774065918 
3.43149335621 24416 4.31241011169 37568 -4.70604040647 0.0464026655658 7.24698861131 
3.63945967939 24704 4.58855733258 37972 -4.93327762855 0.111080586189 7.6575291911 
3.67532890311 24694 4.76378753699 38148 -5.19632617056 0.0576509995872 7.9500641453 
3.98227175029 25102 5.00850608739 38386 -5.50961643015 0.0773355841245 8.44390281375 
4.14629991271 25296 5.12494909077 38456 -5.67095142382 0.0435905820605 8.69578036754 
4.46748697454 25632 5.527571072 38866 -6.04826438596 0.0379664150498 9.33241575939 
4.58752979202 25750 5.75603109439 39136 -6.25553146941 0.00140932948045 9.65965825053 
4.70564795936 25902 5.82431299515 39212 -6.08387211785 0.0239059975231 9.64775852358 
4.37446013012 25538 5.44109209368 38958 -5.84668252891 0.0520268325765 9.10632094733 
3.89930023716 24952 4.84822043668 38272 -5.20479848471 0.0492147490712 8.11170210305 
3.61988544255 24644 4.52278147534 37806 -4.82238432177 0.0351543315445 7.53754027768 
3.35667586203 24406 4.17030867743 37306 -4.46082600702 0.0492147490712 6.96833667188 
2.87525599723 23926 3.71319488912 36636 -3.87062357393 0.0239059975231 6.08577358972 
2.58657483248 23656 3.34818033892 36088 -3.50905084929 0.0435905820605 5.49673710567 
2.32195781808 23334 3.06557946408 35598 -3.19840679236 -0.0182752550569 5.00190679331 
2.01492610716 22944 2.75336820975 35080 -2.92823608108 0.0295301645338 4.49616839791 
1.81771419886 22738 2.47202117969 34642 -2.67658964392 0.0267180810285 4.07174480334 
1.47852148473 22340 2.09640042087 33980 -2.28601617611 0.0154697470071 3.4361010554 
1.16335701314 21986 1.68051780075 33250 -1.90571042811 -0.0238994220676 2.79450744398 
0.878958235709 21682 1.28349186683 32592 -1.49549083616 -0.0660806746476 2.15787205213 
0.626433688274 21422 0.880749010997 31908 -1.04785587157 -0.0323356725836 1.50537035767 
0.582555867921 21332 0.793230416292 31712 -0.965148085516 -0.0126510880462 1.37843993687 
0.415448150768 21272 0.44368259981 31188 -0.680413602936 -0.0210873385622 0.912367297973 
0.335477101911 21224 0.179899103274 30524 -0.481604740789 -0.0126510880462 0.613882480297 
0.469315912566 21352 0.00209593927959 29958 -0.552526697935 0.00140932948045 0.724946598502 
0.929135375023 21528 -0.174012321422 29652 -1.15110794323 -0.0126510880462 1.48950405507 
1.3914092641 21882 -0.371555338566 29310 -1.6585360846 0.0435905820605 2.19654616472 
1.70773039393 22132 -0.513768178752 29002 -2.11920452019 0.00703349649112 2.76971634617 
2.13768898691 22484 -0.664658502511 28774 -2.45719188955 0.0239059975231 3.32404529328 
2.4387427803 22748 -0.848877394609 28542 -2.78245782172 0.0182818305125 3.79606779565 
2.4725671672 22852 -0.979001593108 28338 -2.9884342284 0.0464026655658 4.00034644164 
2.64590326428 22988 -0.985830175873 28290 -3.21646535723 0.0464026655658 4.27999002497 
2.87666867756 23174 -1.02173193972 28196 -3.34405871014 0.102644335673 4.52790100311 
3.15408776028 23430 -1.09075893687 28066 -3.63469654019 0.0660872501032 4.93447500725 
3.35888941326 23678 -1.22530134253 27844 -3.99044677939 0.0773355841245 5.35790695791 
3.6554957381 24112 -1.48892281116 27462 -4.41235327536 0.108268502683 5.92016905632 
3.8279166832 24426 -1.66696490229 27192 -4.65274223648 0.0688993336085 6.25137812311 
3.50753749872 24300 -1.62264586137 27216 -4.30910562383 0.0464026655658 5.78828041595 
3.05858757367 23906 -1.43154949627 27542 -3.71264159428 0.0829597511352 5.01876473982 
2.67747264774 23528 -1.26532039549 27810 -3.32758879503 0.0464026655658 4.45451935358 
2.2802248783 23106 -1.18421581168 28084 -2.86000091324 0.0885839181459 3.84465834737 
1.9098786497 22778 -1.03782921137 28354 -2.46748743189 0.0717114171139 3.28834611243 
1.491522356 22284 -0.832879502446 28818 -1.9272056815 0.0351543315445 2.57535413931 
1.01638968749 21758 -0.617659732038 29238 -1.33504781475 -0.0295235890783 1.78798887275 
0.138771186622 20788 -0.0381417058966 30294 -0.372877703687 -0.0098390045409 0.399687395188 
-0.00662772810159 20442 0.00149637481094 30434 -0.0176322975339 -0.060456507637 0.0188961327707 
-0.00607173985664 20382 0.00132981850463 30476 -0.0135741384136 -0.0463960901103 0.0149295571205 
-0.00559092524978 20358 0.00128511088324 30494 -0.0116058577252 -0.0295235890783 0.0129462692954 
-0.0103653522337 20344 0.00283721271562 30494 -0.0224016344611 -0.0295235890783 0.0248459962459 
-0.00784121798366 20328 0.00211374817911 30506 -0.0159567568897 0.00140932948045 0.0179044888581 
-0.0559367705486 20322 0.0104906842486 30508 -0.111294793688 -0.0295235890783 0.125002031413 
-0.0380968781763 20332 -0.0617706868919 30184 -0.176080704095 -0.0379598395943 0.190450529641 
0.0363991560768 20400 -0.334593710272 29540 -0.522854501925 0.00422141298578 0.621815631598 
0.243482003563 20526 -0.801215576138 28778 -1.01643914028 0.0126576635018 1.31695801429 
0.267100260045 20588 -0.565230833918 28830 -0.516961145107 -0.0126510880462 0.811219618894 
0.571847292194 20890 -1.29091315277 27900 -1.17299463193 -0.0126510880462 1.83558778055 
0.755481270039 21092 -1.64381309507 27308 -1.42614897159 0.0323422480391 2.30364370727 
0.924859134205 21318 -2.16678366644 26392 -1.85055900216 0.0182818305125 2.99581115823 
1.18081871779 21608 -2.67296145432 25418 -2.26775373031 0.0688993336085 3.69888669222 
1.49622269468 21874 -3.04415021544 24714 -2.60199232341 0.0351543315445 4.27503180541 
1.53784889018 22066 -3.50935159501 24074 -2.78735420272 0.0829597511352 4.73812951257 
1.69886249932 22232 -3.77402268733 23650 -3.03751123763 0.0182818305125 5.13379543368 
1.68432605631 22248 -3.60113092487 23704 -2.82482518511 0.111080586189 4.87695966033 
1.64752510398 22060 -3.00474501707 24366 -2.52267443874 0.0464026655658 4.25519892716 
1.05810719119 21498 -2.12439229966 25698 -1.74909176507 0.0267180810285 2.94821225043 
0.729708286316 21060 -1.41816615067 26942 -1.19392648525 0.0154697470071 1.99226751873 
0.3534052647 20622 -0.721125897853 28170 -0.659713503414 0.00984557999646 1.03929771878 
0.00532636034482 20030 -0.0236692663347 29874 -0.0650958736746 0.00422141298578 0.0694699723104 
0.0019516883958 19870 -0.000681880552227 30264 0.00862560260019 0.00422141298578 -0.00886989678058 
0.0342505670522 19780 -0.0051141014007 30344 0.0531188505868 -0.0098390045409 -0.0634103119705 
-0.108156533172 19642 0.0177237079857 30588 -0.109252068445 0.00140932948045 0.154751348789 
-0.383569959908 19454 0.0634777512231 30752 -0.310981321747 -0.0463960901103 0.49786014253 
-0.736754645243 19162 0.10765680581 31036 -0.455203894274 0.00140932948045 0.872701541471 
-1.64329057108 18244 0.211052536401 31530 -0.917958566008 -0.0407719230996 1.89409477139 
-2.03592950348 17772 0.271224281135 31690 -1.02108433874 -0.0801410921743 2.29372726815 
-2.15266889624 17536 0.272816898415 31750 -1.01341678294 -0.102637760217 2.39487494723 
-1.73400780806 17672 0.247519069302 31692 -0.878499321256 -0.0548323406263 1.95954326962 
-0.429004680701 18440 0.0752177277252 31046 -0.272419048157 -0.0210873385622 0.51372644513 
-0.290143067366 18612 0.0589489557048 30980 -0.199560447041 -0.0323356725836 0.357046706948 
-0.117178112956 18830 0.0361188507858 30850 -0.13652940969 -0.0210873385622 0.183509022253 
0.00172223666696 19038 -0.000747949326164 30686 0.00343157271892 -0.0210873385622 -0.00391167721786 
-0.00642356332999 19036 0.0033923462043 30696 -0.0118951774248 -0.0295235890783 0.0139379132079 
-0.00685382027271 19056 0.00347133695536 30712 -0.0128010407087 -0.0323356725836 0.0149295571205 
-0.0056540424237 19050 0.00274071384886 30702 -0.0101702192658 -0.0463960901103 0.0119546253828 
-0.00575319692788 19044 0.00272904953354 30704 -0.0101176124554 -0.0351477560889 0.0119546253828 
-0.00680112291376 19032 0.00305033962782 30702 -0.0117773333085 -0.0098390045409 0.0139379132079 
-0.0318070328942 19056 0.0155020773735 30720 -0.0539422329734 -0.0407719230996 0.0645117527477 
-0.456770986376 18824 0.125774662179 30988 -0.238874019128 -0.0267115055729 0.530584391644 
-1.73589966137 18094 0.442800972962 31934 -0.307817789985 -0.00702692103556 1.81773819013 
-2.84455880295 17130 0.670422405782 32658 -0.185539111152 -0.0576444241316 2.92837937218 
-3.38101739807 16498 0.817758070153 33036 -0.124257141735 -0.164503597334 3.48072503146 
-4.26511434221 15550 0.95476372901 33508 -0.0692908115621 -0.226369434452 4.37122126493 
-4.55632612489 15248 1.01335671212 33672 -0.0252290818035 -0.215121100431 4.66772279478 
-4.46443197818 15256 0.996595982354 33650 -0.0420647715554 -0.178564014861 4.574508267 
-3.28465206165 15692 0.774474862229 33208 -0.077444416598 -0.139194845786 3.37561077673 
-2.33508956839 16412 0.566114167663 32598 -0.121092714383 -0.094201509701 2.40578303027 
-1.63838756391 17130 0.405579600557 32162 -0.129355870349 -0.111074010733 1.69279105715 
-0.546492192486 18248 0.13676885638 31618 -0.0666463399352 -0.0632685911423 0.567275216408 
-0.256687848661 18614 0.0741336766388 31474 -0.0860377416807 -0.00421483753023 0.280690125682 
-0.192599994127 18794 0.0882242942258 31338 -0.176493059985 -0.0463960901103 0.27573190612 
-0.00218172309606 19054 0.00101785630914 31058 -0.00322122750861 -0.00421483753023 0.00402147408249 
-0.00677486047391 19058 0.00331704494969 31058 -0.00927424101504 0.0154697470071 0.0119546253828 
-0.0072339522793 19082 0.00360260256459 31040 -0.0101142017901 0.00140932948045 0.0129462692954 
-0.0066667132601 19086 0.00337261337109 31056 -0.00933238883678 -0.0323356725836 0.0119546253828 
-0.00830452882935 19072 0.00412489560801 31056 -0.0117009278675 0.00703349649112 0.0149295571205 
-0.00773610460465 19066 0.00383538455537 31040 -0.010941112167 -0.00702692103556 0.0139379132079 
-0.00881671202827 19072 0.00435141271157 31062 -0.0125225971251 -0.0098390045409 0.015921201033 

 
