-0.00807190710921 19102 0.00393238782496 31068 -0.0119277960004 -0.00140275402489 0.0149295571205 
-0.0102165005443 19102 0.0049771685688 31068 -0.0150968454768 -0.00140275402489 0.0188961327707 
-0.00968035218556 19100 0.00471597338284 31066 -0.0143045831077 -0.0210873385622 0.0179044888581 
-0.0128904177679 19104 0.0062908282563 31064 -0.0190602396329 -0.00140275402489 0.0238543523334 
-0.00806763586294 19104 0.0039371968048 31064 -0.0119290992416 -0.0154631715516 0.0149295571205 
-0.0128904177679 19104 0.0062908282563 31076 -0.0190602396329 -0.00421483753023 0.0238543523334 
-0.0107469591434 19102 0.00524476983341 31068 -0.0158908439035 -0.00421483753023 0.0198877766832 
-0.00806763586294 19106 0.0039371968048 31050 -0.0119290992416 -0.0154631715516 0.0149295571205 
-0.0107526115762 19104 0.00523501552677 31070 -0.0158902365661 -0.0182752550569 0.0198877766832 
-0.0112887580738 19102 0.00549604376345 31070 -0.0166825552154 -0.0351477560889 0.0208794205958 
-0.0118249045714 19088 0.00575707200014 31066 -0.0174748738648 -0.0351477560889 0.0218710645083 
-0.0118249045714 19108 0.00575707200014 31068 -0.0174748738648 -0.0154631715516 0.0218710645083 
-0.0118249045714 19114 0.00575707200014 31084 -0.0174748738648 -0.00702692103556 0.0218710645083 
-0.0139694905617 19108 0.00680118494687 31072 -0.0206441484621 -0.0154631715516 0.0258376401585 
-0.00699590656436 19100 0.00341416763188 31076 -0.010344401355 -0.0210873385622 0.0129462692954 
-0.0112828238215 19106 0.00550628450126 31068 -0.0166831928005 -0.0182752550569 0.0208794205958 
-0.0118186884787 19114 0.00576779910994 31058 -0.0174755417312 -0.0182752550569 0.0218710645083 
-0.0107469591644 19106 0.00524476989259 31056 -0.0158908438698 -0.00421483753023 0.0198877766832 
-0.0107413952057 19098 0.00524843446268 31068 -0.0158933956764 -0.00421483753023 0.0198877766832 
-0.0107413952057 19110 0.00524843446268 31074 -0.0158933956764 -0.00702692103556 0.0198877766832 
-0.0144905057957 19108 0.00708031578242 31076 -0.0214407288581 -0.00702692103556 0.026829284071 
-0.00859904629707 19114 0.00420164513711 31072 -0.0127234910012 -0.00702692103556 0.015921201033 
-0.00967022075137 19114 0.00472503979989 31072 -0.0143084433388 -0.00702692103556 0.0179044888581 
-0.0112956324162 19102 0.00548847065863 31074 -0.016680395156 -0.00140275402489 0.0208794205958 
-0.0102226864432 19108 0.00496713353695 31076 -0.0150959630364 -0.00140275402489 0.0188961327707 
-0.0107591594297 19100 0.00522780209779 31070 -0.0158881790962 -0.0154631715516 0.0198877766832 
-0.0112956324162 19098 0.00548847065863 31062 -0.016680395156 -0.0323356725836 0.0208794205958 
-0.0118321054027 19116 0.00574913921946 31072 -0.0174726112158 -0.0351477560889 0.0218710645083 
-0.00913897447248 19116 0.00446058407687 31074 -0.0135139431491 -0.0351477560889 0.0169128449456 
-0.00967481622067 19110 0.00472211967661 31062 -0.0143063006443 -0.0351477560889 0.0179044888581 
-0.0144973919544 19106 0.00707594007431 31076 -0.0214375181014 0.0126576635018 0.026829284071 
-0.0112823414652 19114 0.00550672647584 31060 -0.01668337313 -0.0098390045409 0.0208794205958 
-0.0112823414652 19112 0.00550672647584 31064 -0.01668337313 -0.0098390045409 0.0208794205958 
-0.0107464997171 19116 0.0052451908761 31074 -0.0158910156348 -0.0210873385622 0.0198877766832 
-0.010747829551 19102 0.00524732848995 31066 -0.0158894104693 -0.0210873385622 0.0198877766832 
-0.0118196456637 19110 0.00577061286076 31070 -0.0174739653863 0.00984557999646 0.0218710645083 
-0.0123555537201 19110 0.00603225504616 31064 -0.0182662428448 -0.0098390045409 0.0228627084208 
-0.010747829551 19110 0.00524732848995 31068 -0.0158894104693 -0.0098390045409 0.0198877766832 
-0.0123513555961 19114 0.00603141993053 31074 -0.0182693575392 -0.0463960901103 0.0228627084208 
-0.0128870815636 19114 0.00629302589374 31060 -0.019061770094 0.00422141298578 0.0238543523334 
-0.00860127382359 19110 0.00420017818803 31076 -0.0127224696555 0.00422141298578 0.015921201033 
-0.00860127382359 19114 0.00420017818803 31078 -0.0127224696555 0.00984557999646 0.015921201033 
-0.0107441776936 19114 0.00524660204089 31068 -0.0158921198748 0.00984557999646 0.0198877766832 
-0.0096727257586 19100 0.00472339011446 31058 -0.0143072947651 -0.0435840066049 0.0179044888581 
-0.0102098037144 19118 0.00498124014113 31058 -0.0151000327303 -0.0435840066049 0.0188961327707 
-0.00860241296024 19110 0.00419701357115 31070 -0.0127227438345 -0.0435840066049 0.015921201033 
-0.00699502220608 19110 0.00341278700117 31062 -0.0103454549388 0.0182818305125 0.0129462692954 
-0.0102098037144 19126 0.00498124014113 31054 -0.0151000327303 0.0182818305125 0.0188961327707 
-0.011847038241 19116 0.00575055075765 31078 -0.0174620249005 -0.0126510880462 0.0218710645083 
-0.0113098881929 19124 0.00548981819703 31076 -0.016670288829 -0.00702692103556 0.0208794205958 
-0.0102355880966 19118 0.00496835307581 31068 -0.015086816686 -0.0210873385622 0.0188961327707 
-0.00862413795223 19122 0.00418615539396 31056 -0.0127116084715 -0.0210873385622 0.015921201033 
-0.0129213383373 19118 0.00627201587888 31076 -0.0190454970435 -0.0210873385622 0.0238543523334 
-0.011847038241 19110 0.00575055075765 31064 -0.0174620249005 -0.0126510880462 0.0218710645083 
-0.00915016320206 19122 0.00444828573349 31072 -0.0135104252917 -0.0238994220676 0.0169128449456 
-0.00968666097445 19122 0.0047091002495 31076 -0.0143025765258 -0.0126510880462 0.0179044888581 
-0.0112961542916 19122 0.00549154379754 31076 -0.0166790302282 -0.0126510880462 0.0208794205958 
-0.0112961542916 19122 0.00549154379754 31076 -0.0166790302282 -0.0126510880462 0.0208794205958 
-0.0112961542916 19104 0.00549154379754 31064 -0.0166790302282 0.00422141298578 0.0208794205958 
-0.0139658428649 19120 0.00680358609265 31070 -0.020645825203 0.00422141298578 0.0258376401585 
-0.0123578233659 19106 0.00602022491598 31060 -0.018268676196 -0.0154631715516 0.0228627084208 
-0.00914178436805 19112 0.00445350256266 31070 -0.013514378182 -0.0238994220676 0.0169128449456 
-0.0112858103666 19108 0.00549798413154 31070 -0.0166839101913 -0.00140275402489 0.0208794205958 
-0.00753831747702 19112 0.00367170189714 31064 -0.0111336337009 -0.00140275402489 0.0139379132079 
-0.00753831747702 19120 0.00367170189714 31066 -0.0111336337009 -0.00140275402489 0.0139379132079 
-0.00753831747702 19100 0.00367170189714 31062 -0.0111336337009 -0.00140275402489 0.0139379132079 
-0.00753831747702 19110 0.00367170189714 31064 -0.0111336337009 -0.00140275402489 0.0139379132079 
-0.00968493396208 19102 0.00471002452918 31060 -0.0143034416961 -0.0435840066049 0.0179044888581 
-0.010757738205 19128 0.00523175594406 31086 -0.0158878399997 -0.0435840066049 0.0198877766832 
-0.0102213360835 19110 0.00497089023662 31074 -0.0150956408479 0.00422141298578 0.0188961327707 
-0.0129033466907 19118 0.00627521877381 31068 -0.0190566366068 -0.0323356725836 0.0238543523334 
-0.0112941403264 19114 0.0054926216515 31082 -0.0166800391515 -0.00421483753023 0.0208794205958 
-0.0118305424479 19104 0.00575348735893 31062 -0.0174722383033 -0.00421483753023 0.0218710645083 
-0.00914853184063 19104 0.00444915882174 31062 -0.0135112425444 -0.00421483753023 0.0169128449456 
-0.011822322485 19116 0.00575864196057 31080 -0.0174761035862 -0.0492081736156 0.0218710645083 
-0.00699805766337 19116 0.00340874718599 31080 -0.0103447339372 -0.0492081736156 0.0129462692954 
-0.0112862930604 19114 0.00549754254117 31058 -0.0166837291808 -0.0435840066049 0.0208794205958 
-0.00914217536188 19098 0.00445314486358 31074 -0.013514231559 -0.0295235890783 0.0169128449456 
-0.0102301555401 19118 0.00497446097209 31058 -0.015088488637 0.00984557999646 0.0188961327707 
-0.0102301555401 19104 0.00497446097209 31062 -0.015088488637 -0.00140275402489 0.0188961327707 
-0.0107670204949 19104 0.00523551406698 31062 -0.0158803124503 -0.00140275402489 0.0198877766832 
-0.0113038854497 19100 0.00549656716187 31062 -0.0166721362635 -0.0351477560889 0.0208794205958 
-0.0118407504045 19098 0.00575762025675 31074 -0.0174639600768 -0.0098390045409 0.0218710645083 
-0.0118407504045 19110 0.00575762025675 31056 -0.0174639600768 -0.052020257121 0.0218710645083 
-0.0129037640424 19112 0.00628607610395 31062 -0.0190527752833 -0.00702692103556 0.0238543523334 
-0.00807598880274 19116 0.00393422260835 31052 -0.0119244275812 -0.00702692103556 0.0149295571205 
-0.00861240827382 19100 0.00419553966342 31068 -0.0127164662148 -0.0126510880462 0.015921201033 
-0.0107580861581 19098 0.00524080788368 31070 -0.0158846207491 -0.0182752550569 0.0198877766832 
-0.0123421824611 19108 0.00602956902779 31060 -0.018276166605 -0.0182752550569 0.0228627084208 
-0.00966554199495 19110 0.0047219406157 31060 -0.0143126271535 -0.0238994220676 0.0179044888581 
-0.00913021390171 19098 0.00446041493329 31062 -0.0135199192633 -0.0238994220676 0.0169128449456 
-0.00752422962201 19106 0.00367583788603 31068 -0.0111417955924 -0.060456507637 0.0139379132079 
-0.0102008700882 19112 0.00498346629812 31064 -0.0151053350438 0.0154697470071 0.0188961327707 
-0.0102239862311 19112 0.0049723462854 31064 -0.0150933664784 -0.0154631715516 0.0188961327707 
-0.00861436263809 19100 0.00418951992857 31072 -0.0127171270907 -0.0154631715516 0.015921201033 
-0.00968744503342 19106 0.00471140416646 31080 -0.0143012866825 -0.0154631715516 0.0179044888581 
-0.0107605274288 19108 0.00523328840434 31072 -0.0158854462743 -0.0576444241316 0.0198877766832 
-0.0118336098241 19096 0.00575517264222 31054 -0.0174696058661 -0.0126510880462 0.0218710645083 
-0.0123545217252 19100 0.00602933256698 31080 -0.0182679056838 -0.0210873385622 0.0228627084208 
-0.0112827951357 19102 0.00550630171458 31076 -0.0166832065194 -0.0154631715516 0.0208794205958 
-0.0107571976432 19102 0.00524163285907 31076 -0.0158849502749 -0.0154631715516 0.0198877766832 
-0.0112764932085 19104 0.00550703820573 31072 -0.0166872237216 -0.0463960901103 0.0208794205958 
-0.00966888458294 19110 0.00472559618088 31062 -0.0143091625516 0.00140932948045 0.0179044888581 
-0.00806408391796 19110 0.00393682523122 31074 -0.0119316232541 -0.0295235890783 0.0149295571205 
-0.0107081942548 19090 0.00508144961486 31060 -0.0159698812461 -0.0267115055729 0.0198877766832 
-0.282146405499 19034 0.149244578188 31150 -0.445981271394 0.00140932948045 0.548433982069 
-0.12171966324 19196 0.23390036162 31164 -0.648608255852 -0.0351477560889 0.700155500689 
0.378986375356 19792 0.76523454374 31780 -1.31251855332 -0.0182752550569 1.56586063634 
1.30787796722 21008 1.46720315074 33024 -2.15198958051 0.0154697470071 2.9144963574 
1.74613464795 21598 1.96387316586 33834 -2.62416450535 0.0435905820605 3.71376135091 
2.02255799597 21992 2.36095051177 34542 -3.09121585095 0.0885839181459 4.38411263579 
2.16462985653 22156 2.56197334266 34792 -3.23628682051 0.0464026655658 4.66078128739 
2.27810251238 22324 2.71977571195 35034 -3.39526190596 0.0379664150498 4.91067555335 
2.46791283714 22570 2.96049804393 35332 -3.62553149518 0.0632751665979 5.29146681577 
2.61051146504 22784 3.15731397541 35630 -3.79734478517 0.0745235006192 5.5859850578 
2.78495887798 23064 3.46915546064 36192 -4.122204705 0.0351543315445 6.06494906755 
3.00632484526 23298 3.74469166775 36524 -4.47750999281 0.0745235006192 6.56572924339 
3.18663172539 23546 4.00573863474 36892 -4.76625037201 0.0379664150498 6.99411941361 
3.4175893965 23856 4.3332929208 37388 -5.010826458 0.0801476676299 7.45424218903 
3.75934012556 24224 4.74238927917 37836 -5.51261608877 0.0492147490712 8.18607539649 
4.11153071265 24632 5.33881846849 38378 -6.13546128079 0.0492147490712 9.11326245472 
4.3682171086 24886 5.84432231318 38832 -6.71414651604 0.0576509995872 9.91550237996 
4.51213017087 24998 6.07686333026 39046 -6.93351474163 0.0154697470071 10.2645610372 
4.48198738903 24972 6.22340712667 39258 -7.11418008268 0.0126576635018 10.4609065319 
4.15338866955 24664 5.82404045083 39008 -6.55032835666 -0.0379598395943 9.69932400703 
3.62190055448 24086 5.09875407149 38264 -5.80801658113 -0.0492081736156 8.5351340537 
3.2325519919 23722 4.46266215384 37396 -5.14293375011 -0.0154631715516 7.53754027768 
3.04782436852 23558 4.23080787864 37100 -4.76933818099 -0.0407719230996 7.06650941922 
2.74425712728 23270 3.8999455123 36662 -4.41444760582 -0.052020257121 6.49829745734 
2.5255231777 23066 3.56258816795 36154 -3.96930324957 -0.0238994220676 5.90132782198 
2.35971495146 22938 3.28852951562 35704 -3.6364861242 -0.0126510880462 5.44120504656 
2.16280061212 22780 3.05071127851 35386 -3.32182566916 -0.0098390045409 5.00190679331 
1.87297463537 22502 2.66035706137 34836 -2.92073826995 -0.0407719230996 4.37221290884 
1.6487372854 22334 2.38952064367 34414 -2.59556657859 -0.0576444241316 3.89424054299 
1.3551597372 22036 1.97023354635 33808 -2.15925911851 -0.0492081736156 3.22190597029 
1.07469233571 21778 1.61993386103 33260 -1.74311505936 -0.0463960901103 2.61105332016 
0.884040298868 21608 1.35946628713 32814 -1.49479975891 -0.0267115055729 2.20547095993 
0.601450587245 21306 0.955893209787 32228 -1.06015786356 -0.0463960901103 1.54900268983 
0.356581280138 21052 0.610468653988 31776 -0.730362613929 -0.0154631715516 1.01648990879 
-0.0161034499372 20600 0.253901099374 31424 -0.4011852805 -0.0210873385622 0.475052332541 
-0.0314544402921 20414 0.0248657972249 31046 -0.076451421718 -0.0660806746476 0.0863279188237 
-0.0287288386747 20418 0.0194450552022 30970 -0.0703013743224 -0.0492081736156 0.0783947675233 
-0.0127024990876 20366 0.00434073678777 30958 -0.0185069705086 -0.0323356725836 0.0228627084208 
-0.00496976225721 20400 0.00302306635877 30946 -0.0104439265098 -0.0351477560889 0.0119546253828 
-0.00840506269466 20366 0.00327888896642 30962 -0.0131182487619 -0.0576444241316 0.015921201033 
-0.00638705458499 20394 0.00358838305231 30962 -0.0130084863305 -0.0632685911423 0.0149295571205 
-0.010242951111 20366 0.00399897315993 30960 -0.0165714763254 -0.085765259185 0.0198877766832 
-0.00718352573208 20386 0.00320807905977 30958 -0.0126884539096 -0.0267115055729 0.0149295571205 
-0.0570741599656 20380 -0.00215441633807 30828 -0.126597609809 -0.0829531756797 0.138885046189 
-0.122563019577 20350 -0.145216907076 30352 -0.483687731762 -0.0407719230996 0.519676308606 
-0.164603053178 20322 -0.433785902621 29662 -1.1109169088 -0.0492081736156 1.20391060826 
0.166187861345 20526 -0.499648146067 29438 -1.30710524772 -0.0463960901103 1.40918089816 
0.650603904225 20904 -0.766477555467 28888 -1.65882582544 -0.0435840066049 1.93971039137 
1.28626982055 21470 -1.32522488745 27940 -2.74230176531 -0.0323356725836 3.30619570286 
1.57068112187 21732 -1.51171004791 27624 -3.26391993674 -0.00702692103556 3.92498150428 
1.83989391302 22030 -1.7504291158 27226 -3.84651252782 -0.0267115055729 4.60921580394 
2.22800138356 22440 -2.10832100789 26714 -4.69687924373 0.00703349649112 5.6097845117 
2.5030212572 22750 -2.36119753639 26320 -5.27605367829 0.0239059975231 6.29897703092 
2.87404891594 23060 -2.6248296169 25988 -5.85154521543 0.00984557999646 7.02783530664 
3.03021626654 23196 -3.0907518905 25816 -6.66611066862 0.0295301645338 7.94808085748 
3.28082067919 23286 -3.54152164093 25648 -7.62643273427 -1.02781323347 9.02599779041 
3.70081723485 23822 -3.84212377666 25284 -8.04111644648 -2.02329079436 9.6497418114 
3.90824391613 24190 -4.12890258468 25018 -8.55224056624 -2.71787542018 10.2695192567 
4.12074491075 24544 -4.35036040418 24666 -9.37723337147 -3.91301090995 11.128282885 
3.41835706709 23970 -3.92365590636 25100 -8.2895408629 -3.941131745 9.78758031525 
2.96908979036 23468 -3.45704653323 25628 -7.35946025488 -3.95519216253 8.65611461103 
2.576134311 22962 -2.88224404546 26378 -6.3886058632 -4.01987008315 7.46713355989 
2.37201227935 22712 -2.47195567545 26908 -5.44819438339 -3.99737341511 6.43582389085 
2.06931971632 22434 -2.18689548344 27358 -4.69103734069 -3.96644049655 5.57408533085 
1.73257657016 22114 -1.84305140462 27876 -3.91697758896 -3.98050091408 4.66276457522 
1.45908821356 21882 -1.58138853459 28284 -3.23153865823 -3.95800424603 3.88234081604 
1.07295748933 21506 -1.26399743376 28774 -2.47850119352 -4.02268216666 2.98192814345 
0.573163358929 20958 -0.780843216944 29500 -1.47568012078 -4.00862174913 1.76518106276 
-0.0191671581094 20180 -0.073024413088 30694 -0.329671043385 -4.02549425016 0.33820547261 
-0.0078231405683 20046 0.00116588892943 30992 -0.0328314716455 -4.03393050068 0.0337707914588 
-0.0111303320686 19978 0.000319875123301 31048 -0.024409503717 -4.03674258418 0.026829284071 
-0.12765914533 19840 -6.33841547866e-06 31098 -0.200924556091 -4.05080300171 0.238049437443 
-0.137786107423 19706 0.00378044383584 31174 -0.110348466919 -4.03955466769 0.176567514865 
-0.37679197875 19410 0.123696406368 31654 -0.177273689133 -4.02830633367 0.434394932127 
-0.836810977039 18992 0.323892380364 32180 -0.21743629833 -4.05923925223 0.923275381011 
-1.21687840348 18700 0.506514206837 32418 -0.152466798158 -4.07611175326 1.32687445342 
-1.04808815451 18760 0.118170909369 31892 -0.459215867038 -4.02268216666 1.15036183698 
-0.734798923229 18914 0.00451711296571 31732 -0.483551477631 -4.02549425016 0.879643048859 
-1.01932215562 18842 0.0988638344624 31802 -0.602210559117 -4.01424591614 1.18804430566 
-1.79233422215 18190 0.112717867531 31942 -0.898573404251 -4.05361508522 2.00813382133 
-1.96641919374 17908 0.112405934583 31962 -0.938216936857 -4.06767550274 2.18167150603 
-0.468670878047 18776 0.0621342326313 31658 -0.253684749486 -4.02268216666 0.536534255119 
-1.13469159356 18592 0.177985534217 31864 -0.303719293641 -4.02549425016 1.18804430566 
-2.39782711522 17524 0.257873406856 32316 -0.548377569947 -4.03393050068 2.47321481632 
-2.78375226262 17100 0.268646832252 32386 -0.578988326143 -4.07892383676 2.85598936656 
-2.91039776952 16966 0.273760819661 32436 -0.583628521487 -4.07048758625 2.98093649954 
-3.14706359441 16716 0.251718539014 32454 -0.563629615475 -4.11548092233 3.2070313116 
-3.25430598695 16572 0.286299913088 32534 -0.557651293391 -4.09017217078 3.31412885416 
-3.38292011353 16414 0.282129820979 32588 -0.550906448403 -4.10704467182 3.43907598714 
-3.72221390442 16090 0.26645401348 32676 -0.615668437651 -4.12954133986 3.78218478088 
-3.70833577389 16008 0.260271322754 32696 -0.634848453007 -4.0986084213 3.77127669784 
-3.42703328099 16070 0.266054704336 32684 -0.65167643062 -4.13516550687 3.49857462189 
-3.14152552318 16154 0.241767507416 32624 -0.653834694026 -4.14078967388 3.21793939464 
-2.51830073602 16404 0.223981779668 32502 -0.558697239496 -4.10704467182 2.58923715409 
-1.58090425381 17296 0.175914182113 32244 -0.420063267935 -4.03955466769 1.64519214934 
-0.469812233285 18622 0.0700733214684 31958 -0.155594504861 -3.96081632954 0.499843430355 
-0.172657222222 19054 0.0390079006262 31858 -0.0850939581844 -4.00580966562 0.196400393116 
-0.0110019957854 19330 0.00581430794067 31708 -0.0142201879592 -3.98331299758 0.0188961327707 
-0.00635280545212 19352 0.0032342534873 31682 -0.00832877121703 -3.97487674707 0.0109629814703 
-0.00747091976416 19360 0.00376595340153 31676 -0.0098797186966 -3.96081632954 0.0129462692954 
-0.00860765049444 19376 0.00431987219817 31682 -0.011407836472 -3.97768883057 0.0149295571205 
-0.00859551091161 19384 0.00432070901156 31682 -0.0114166694627 -3.96644049655 0.0149295571205 
-0.00671966316179 19386 0.0025160486712 31654 -0.00828870247955 -3.9917492481 0.0109629814703 
-0.170314473805 19374 -0.0528306814455 31470 -0.241900754451 -4.01705799965 0.300523003933 
-0.603925345867 19312 -0.773824988001 30660 -0.742330532024 -4.00299758212 1.2306849939 
-1.20615473286 18854 -1.86376033737 29112 -1.35173502076 -3.95519216253 2.59915359321 
-1.64771641327 18434 -2.49285277188 28298 -1.53142935308 -3.97768883057 3.35776118631 
-1.80826713775 18292 -2.7485330414 27988 -1.57668092838 -4.01705799965 3.64831285268 
-2.1140099274 17936 -3.24993042135 27364 -1.71489223711 -3.96644049655 4.23933262456 
-2.42059779304 17616 -3.76514365226 26810 -1.8445060673 -4.01705799965 4.84126047947 
-2.62559221811 17396 -4.1554739113 26386 -1.90758554163 -4.0479909182 5.27262558143 
-2.86580056873 17140 -4.57065332026 25878 -2.05355302398 -4.01424591614 5.77241411335 
-3.10423687756 16934 -5.03257237125 25364 -2.17979982469 -4.00862174913 6.30195196265 
-3.26757939012 16774 -5.21445578533 25174 -2.22893553114 -4.05923925223 6.54490472123 
-3.18140832056 16778 -5.02033316219 25308 -2.19730508857 -4.03111841717 6.33665949959 
-3.57666772145 16528 -5.64811070719 24838 -2.61225100918 -4.00580966562 7.17757353743 
-3.64913628879 16402 -5.62463167234 24872 -2.64169120401 -4.05080300171 7.20633121089 
-3.65048847921 16416 -5.62983039663 24900 -2.73820881248 -4.07611175326 7.24698861131 
-3.90197536228 16298 -6.0110056288 24692 -2.98345988238 -4.05642716872 7.76264344583 
-4.01636492398 16218 -6.09436646692 24636 -3.0857326403 -4.08736008728 7.92428140358 
-3.76142676856 16244 -5.62136055228 24880 -2.90460021962 -4.07611175326 7.36102766125 
-3.17208209107 16388 -4.93232910811 25316 -2.6849104166 -4.03111841717 6.44970690562 
-2.44954064512 16642 -3.89108593762 26126 -2.37147665817 -4.07048758625 5.17346119018 
-1.90811579682 17158 -2.77262520049 27350 -1.93698595713 -4.03955466769 3.88333245996 
-1.24925314138 17984 -1.77495502901 28566 -1.49026942709 -3.95238007902 2.63286948624 
-0.360924072645 19036 -0.402678988286 30274 -0.501984377462 -3.97206466356 0.737837969365 
-0.0919532136223 19362 -0.018603964655 30990 -0.150750634723 -3.92988341098 0.177559158778 
-0.00199114367542 19434 0.00122233898804 31328 -0.00327314650731 -3.92144716046 0.00402147408249 
-0.0155774497443 19438 0.00654548285524 31340 -0.024551802248 -3.95800424603 0.0298042158086 
-0.00516700128383 19478 0.00227671388838 31340 -0.00821865221884 -3.91301090995 0.00997133755776 
-0.00535310757516 19456 0.00268725335179 31328 -0.00918204070075 -3.941131745 0.0109629814703 
-0.00442731795124 19446 0.00214352662079 31340 -0.00751259258489 -3.97487674707 0.00897969364522 
-0.00590545267683 19460 0.00286201863806 31328 -0.00999237439458 -3.94394382851 0.0119546253828 

 
