-0.0179376319289 19456 0.00863214807429 31298 -0.0296998580105 -3.92144716046 0.0357540792839 
-0.01843513442 19456 0.00887156179327 31298 -0.0305235873301 -3.92144716046 0.0367457231965 
-0.0174401294379 19456 0.00839273435531 31312 -0.028876128691 -3.86801757386 0.0347624353714 
-0.0179376319289 19456 0.00863214807429 31296 -0.0296998580105 -3.86801757386 0.0357540792839 
-0.0179376319289 19450 0.00863214807429 31302 -0.0296998580105 -3.86801757386 0.0357540792839 
-0.0179418513876 19448 0.00862962917789 31304 -0.0296980412566 -3.89613840892 0.0357540792839 
-0.0194347099423 19452 0.0093476607491 31302 -0.0321690780515 -3.92425924397 0.0387290110216 
-0.0194347099423 19466 0.0093476607491 31304 -0.0321690780515 -3.91582299345 0.0387290110216 
-0.0179418513876 19456 0.00862962917789 31298 -0.0296980412566 -3.91582299345 0.0357540792839 
-0.0174442318693 19456 0.00839028532082 31306 -0.028874362325 -3.91582299345 0.0347624353714 
-0.0169466123511 19456 0.00815094146375 31306 -0.0280506833933 -3.91301090995 0.0337707914588 
-0.0179517975498 19458 0.00861807892288 31302 -0.0296953845884 -3.91301090995 0.0357540792839 
-0.0204412744313 19460 0.00981319646931 31304 -0.0338134108315 -3.9383196615 0.0407122988466 
-0.0169560067972 19452 0.00814003190431 31304 -0.0280481740911 -3.9383196615 0.0337707914588 
-0.0194454836787 19460 0.00933514945074 31300 -0.0321662003342 -3.91582299345 0.0387290110216 
-0.0164387687032 19452 0.00791256253305 31288 -0.0272328983317 -3.89332632541 0.0327791475463 
-0.0184280095632 19454 0.00887005472621 31306 -0.0305283272703 -3.89051424191 0.0367457231965 
-0.0184280095632 19462 0.00887005472621 31306 -0.0305283272703 -3.93269549449 0.0367457231965 
-0.0189253197782 19452 0.0091094277745 31294 -0.031352184505 -3.93269549449 0.037737367109 
-0.0199199402083 19454 0.00958817387109 31300 -0.0329998989743 -3.93269549449 0.0397206549341 
-0.0164474101938 19454 0.00790739864604 31300 -0.0272291802746 -3.90738674294 0.0327791475463 
-0.0189352683928 19458 0.00910348279075 31308 -0.0313479040494 -3.90738674294 0.037737367109 
-0.0169449818336 19450 0.00814661547498 31300 -0.0280529250296 -3.94394382851 0.0337707914588 
-0.0189352683928 19460 0.00910348279075 31302 -0.0313479040494 -3.91301090995 0.037737367109 
-0.0154668019348 19462 0.00742028018787 31308 -0.0255754267963 -3.91019882644 0.0307958597212 
-0.0174589606372 19444 0.00837602888192 31296 -0.0288695990029 -3.93550757799 0.0347624353714 
-0.0174589606372 19464 0.00837602888192 31306 -0.0288695990029 -3.92707132748 0.0347624353714 
-0.0194511193395 19460 0.00933177757597 31308 -0.0321637712095 -3.90457465943 0.0387290110216 
-0.0174589606372 19458 0.00837602888192 31308 -0.0288695990029 -3.90457465943 0.0347624353714 
-0.0159619656657 19444 0.0076609331434 31314 -0.0264002110356 -3.91582299345 0.0317875036337 
-0.0189496654109 19470 0.00909487733799 31306 -0.0313417016663 -3.90176257593 0.037737367109 
-0.0179537654959 19462 0.00861689593979 31308 -0.0296945381227 -3.89051424191 0.0357540792839 
-0.0164599156232 19440 0.00789992384249 31300 -0.0272237928074 -3.91301090995 0.0327791475463 
-0.0189496654109 19454 0.00909487733799 31310 -0.0313417016663 -3.91301090995 0.037737367109 
-0.0174500357848 19456 0.00837590314672 31306 -0.0288750309183 -3.92144716046 0.0347624353714 
-0.0189433910323 19450 0.00909270390698 31314 -0.0313461249308 -3.92144716046 0.037737367109 
-0.0184456059498 19462 0.00885377032023 31300 -0.0305224269266 -3.92988341098 0.0367457231965 
-0.0209345313624 19452 0.010048438254 31312 -0.0346409169474 -3.92988341098 0.0417039427592 
-0.0184456059498 19450 0.00885377032023 31286 -0.0305224269266 -3.90738674294 0.0367457231965 
-0.0159566805372 19452 0.00765910238647 31312 -0.0264039369059 -3.90738674294 0.0317875036337 
-0.0174394105784 19446 0.00838770610849 31306 -0.0288780237874 -3.9383196615 0.0347624353714 
-0.0164444466091 19434 0.00790916554516 31302 -0.0272304570281 -3.93269549449 0.0327791475463 
-0.0164444466091 19454 0.00790916554516 31312 -0.0272304570281 -3.90176257593 0.0327791475463 
-0.0184343745476 19454 0.00886624667183 31312 -0.0305255905467 -3.90176257593 0.0367457231965 
-0.016468285696 19456 0.00790006985042 31294 -0.0272186880002 -3.94956799552 0.0327791475463 
-0.0184610983813 19444 0.0088560503151 31306 -0.0305123973592 -3.94956799552 0.0367457231965 
-0.0149736761821 19450 0.0071830845019 31302 -0.024748405981 -3.93269549449 0.0298042158086 
-0.0199557078952 19456 0.00957303566362 31304 -0.0329826793784 -3.92425924397 0.0397206549341 
-0.0209521142378 19458 0.010051025896 31298 -0.0346295340579 -3.92425924397 0.0417039427592 
-0.0174646920386 19442 0.00837806008276 31310 -0.0288655426797 -3.90738674294 0.0347624353714 
-0.0184369356279 19462 0.00885895063389 31316 -0.0305261620835 -3.90738674294 0.0367457231965 
-0.0174418334287 19462 0.00838080386178 31316 -0.0288785644765 -3.89051424191 0.0347624353714 
-0.0169442823291 19458 0.00814173047572 31302 -0.028054765673 -3.89051424191 0.0337707914588 
-0.0169442823291 19458 0.00814173047572 31302 -0.028054765673 -3.91019882644 0.0337707914588 
-0.0159438708042 19458 0.00767673309402 31302 -0.0264065548689 -3.91019882644 0.0317875036337 
-0.0154464853345 19448 0.00743724949919 31304 -0.0255827751947 -3.89895049242 0.0307958597212 
-0.0174360272133 19458 0.00839518387852 31314 -0.0288778938915 -3.87926590788 0.0347624353714 
-0.017933412683 19448 0.00863466747335 31312 -0.0297016735657 -3.89051424191 0.0357540792839 
-0.0214151109709 19458 0.0103110526372 31314 -0.0354681312851 -3.90457465943 0.0426955866717 
-0.0179306993482 19450 0.00863068167792 31300 -0.0297044700357 -3.92144716046 0.0357540792839 
-0.0194226299932 19452 0.00934880082279 31304 -0.0321760417396 -3.93550757799 0.0387290110216 
-0.0169360789182 19450 0.00815193558134 31302 -0.0280567555664 -3.90176257593 0.0337707914588 
-0.0169360789182 19454 0.00815193558134 31310 -0.0280567555664 -3.90457465943 0.0337707914588 
-0.0164387687032 19454 0.00791256253305 31310 -0.0272328983317 -3.90457465943 0.0327791475463 
-0.0174333891332 19444 0.00839130862963 31298 -0.028880612801 -3.90457465943 0.0347624353714 
-0.0219361016814 19452 0.0105295808378 31314 -0.0362837358403 -3.91582299345 0.0436872305843 
-0.0179527314551 19446 0.00861751736297 31306 -0.0296949829642 -3.91582299345 0.0357540792839 
-0.0189485740116 19446 0.00909553323167 31302 -0.0313421711832 -3.92425924397 0.037737367109 
-0.0179279844706 19450 0.00862669366608 31300 -0.0297072670344 -3.92425924397 0.0357540792839 
-0.0179279844706 19448 0.00862669366608 31308 -0.0297072670344 -3.91301090995 0.0357540792839 
-0.0169335146355 19456 0.00814816878552 31296 -0.0280593974149 -3.91301090995 0.0337707914588 
-0.0169335146355 19456 0.00814816878552 31296 -0.0280593974149 -3.90176257593 0.0337707914588 
-0.0169335146355 19454 0.00814816878552 31304 -0.0280593974149 -3.86801757386 0.0337707914588 
-0.0169384336197 19464 0.00814522884852 31302 -0.0280572819295 -3.90457465943 0.0337707914588 
-0.0169384336197 19446 0.00814522884852 31302 -0.0280572819295 -3.91301090995 0.0337707914588 
-0.0164410542614 19464 0.00790605273641 31308 -0.0272334092387 -3.91301090995 0.0327791475463 
-0.0149489161863 19446 0.00718852440009 31306 -0.0247617911665 -3.91301090995 0.0298042158086 
-0.0169384336197 19452 0.00814522884852 31302 -0.0280572819295 -3.93269549449 0.0337707914588 
-0.0174394105784 19464 0.00838770610849 31290 -0.0288780237874 -3.93269549449 0.0347624353714 
-0.0169419285937 19456 0.00814843582683 31300 -0.0280542404078 -3.91301090995 0.0337707914588 
-0.0169419285937 19456 0.00814843582683 31300 -0.0280542404078 -3.91301090995 0.0337707914588 
-0.0169419285937 19456 0.00814843582683 31300 -0.0280542404078 -3.89332632541 0.0337707914588 
-0.0194357771969 19450 0.00934701748158 31300 -0.0321686201703 -3.941131745 0.0387290110216 
-0.0209287177318 19464 0.0100649996408 31304 -0.0346396217935 -3.91582299345 0.0417039427592 
-0.0209287177318 19464 0.0100649996408 31304 -0.0346396217935 -3.92144716046 0.0417039427592 
-0.0209287177318 19456 0.0100649996408 31298 -0.0346396217935 -3.93550757799 0.0417039427592 
-0.0194357771969 19452 0.00934701748158 31296 -0.0321686201703 -3.93269549449 0.0387290110216 
-0.0169475429722 19468 0.00815038054952 31310 -0.0280502841315 -3.93269549449 0.0337707914588 
-0.0184315864868 19448 0.00886214951084 31312 -0.0305284637488 -3.91582299345 0.0367457231965 
-0.0189289932309 19460 0.00910130922386 31302 -0.0313523246665 -3.91301090995 0.037737367109 
-0.01644195951 19460 0.00790551065875 31302 -0.0272330200778 -3.91301090995 0.0327791475463 
-0.01644195951 19444 0.00790551065875 31292 -0.0272330200778 -3.91301090995 0.0327791475463 
-0.0169571416011 19456 0.00814994563471 31298 -0.0280446089405 -3.92707132748 0.0337707914588 
-0.0164592129025 19462 0.00791063101911 31304 -0.0272211083788 -3.95238007902 0.0327791475463 
-0.0169571416011 19454 0.00814994563471 31292 -0.0280446089405 -3.90738674294 0.0337707914588 
-0.0179529989984 19448 0.00862857486589 31300 -0.0296916100639 -3.92988341098 0.0357540792839 
-0.0154633555052 19436 0.00743200178793 31290 -0.0255741072554 -3.92144716046 0.0307958597212 
-0.0169578655808 19448 0.00813891454159 31296 -0.0280473745792 -3.92144716046 0.0337707914588 
-0.0164599156232 19468 0.00789992384249 31302 -0.0272237928074 -3.91019882644 0.0327791475463 
-0.0179537654959 19446 0.00861689593979 31296 -0.0296945381227 -3.91019882644 0.0357540792839 
-0.019945565326 19452 0.00957285873619 31302 -0.0329888652099 -3.91863507696 0.0397206549341 
-0.0214350031278 19460 0.0102857737264 31314 -0.0354634547246 -3.94394382851 0.0426955866717 
-0.0179425912767 19456 0.00863480202621 31298 -0.0296960906128 -3.92988341098 0.0357540792839 
-0.0169714475683 19446 0.00813609547534 31310 -0.0280399763482 -3.90738674294 0.0337707914588 
-0.0184445938921 19456 0.00885437775726 31302 -0.0305228623153 -3.92707132748 0.0367457231965 
-0.0744140588872 19432 0.041545217992 31338 -0.120765441733 -3.91019882644 0.147809841401 
-0.0723871087745 19542 0.181440281303 31418 -0.381319692195 -3.92707132748 0.428445068652 
0.268993281982 20048 0.592822047734 31882 -1.01861105278 -3.92425924397 1.20886882782 
0.82318153393 20806 1.0198105691 32684 -1.79228715095 -3.85676923984 2.22034561862 
1.44684973851 21546 1.62383714285 33656 -2.86218580261 -3.81740007077 3.59476408141 
1.99723741521 22246 2.18994872204 34604 -3.44005271554 -3.84552090582 4.54079237397 
2.5280475438 22868 2.72201740896 35322 -3.93899177755 -3.77803090169 5.41443066093 
2.85686415916 23340 3.21016922886 36014 -4.52237301162 -3.76397048417 6.23848675225 
3.03987956162 23590 3.4658138636 36416 -4.70286029685 -3.76397048417 6.58556212164 
3.15992851156 23738 3.63251398975 36668 -4.82695104149 -3.76959465118 6.81760679718 
3.26101382574 23904 3.82196907918 36980 -4.97634361279 -3.73303756561 7.07146763879 
3.42074407619 24120 4.10946002939 37416 -5.26481040758 -3.76678256767 7.50382438466 
3.66124276749 24408 4.42596060986 37844 -5.58347170287 -3.77803090169 8.01055442397 
4.20139049568 25112 5.04737247054 38686 -6.20934300718 -3.75834631716 9.03789751736 
4.36456608307 25276 5.20865497552 38844 -6.45849515357 -3.71335298107 9.37505644763 
4.50139907507 25442 5.34632845106 38974 -6.57579647828 -3.7274133986 9.59619304013 
4.59851888455 25516 5.42845110783 39000 -6.66243566168 -3.7274133986 9.74692291483 
4.7642143373 25720 5.60051679462 39186 -6.84882964809 -3.74147381612 10.0483826642 
4.95135496461 25952 5.80608691976 39450 -7.13248232284 -3.69648048004 10.4450402293 
4.62943132449 25650 5.4924510931 39254 -6.81926204134 -3.69929256354 9.90459429693 
4.23242087328 25180 4.94225468397 38770 -6.23529830237 -3.73866173262 9.01211477564 
3.69356740804 24590 4.43116417984 38144 -5.7857290337 -3.74428589963 8.17020909389 
3.40834508245 24280 4.14818529965 37770 -5.54054642995 -3.71335298107 7.71504453803 
3.19730871457 24014 3.89064219806 37346 -5.25683741432 -3.77803090169 7.27971286042 
2.79638354675 23586 3.46907822164 36818 -4.82499567298 -3.75553423365 6.56771253121 
2.48460050129 23254 3.19694351061 36406 -4.59115904972 -3.75553423365 6.12147277057 
2.15640220248 22894 2.82434287216 35826 -4.23909149652 -3.78927923571 5.53144464261 
1.68545645646 22404 2.36582964114 35152 -3.66765231904 -3.77521881819 4.67863087782 
1.29135463563 21982 1.91919959814 34466 -3.07835340742 -3.76678256767 3.85060821084 
1.0917409595 21790 1.71819759587 34160 -2.79886998538 -3.77803090169 3.46089215321 
0.901001026048 21612 1.46241140816 33816 -2.36802473899 -3.75272215014 2.92540444044 
0.620340480237 21296 1.10322297086 33242 -1.88073180881 -3.80896382025 2.26695288251 
0.415971327962 21066 0.825997612689 32836 -1.37500883074 -3.7836550687 1.65709187629 
0.296170012088 20888 0.61339802779 32526 -1.04043661914 -3.81740007077 1.24357636476 
-0.0226041780712 20476 0.219642315655 31956 -0.384419933089 -3.77803090169 0.44331972734 
-0.0793736758267 20250 0.0614307534023 31708 -0.137972696893 -3.77240673468 0.17061765139 
-0.018017171586 20234 0.0115283740165 31636 -0.0298785256297 -3.81740007077 0.0367457231965 
-0.0145943751508 20232 0.00822458029069 31630 -0.0234419451468 -3.79771548623 0.0288125718961 
-0.0148133629326 20240 0.00844564551105 31630 -0.0244443578459 -3.82302423778 0.0298042158086 
-0.0145768668555 20230 0.00753050759786 31622 -0.0224679870452 -3.83989673881 0.0278209279836 
-0.0313272704864 20216 0.0165840428272 31620 -0.0490845201377 -3.82583632128 0.0605451770975 
-0.107551267937 20144 -0.0219373579465 31374 -0.178197978555 -3.82583632128 0.209291763979 
-0.681327202459 19552 -0.836405278234 29634 -1.31222717893 -3.85958132335 1.69874092062 
-0.99101979398 19210 -1.42759820072 28738 -1.74995633648 -3.84552090582 2.46627330893 
-1.32503240501 18804 -2.0173809655 27864 -2.1087427535 -3.86801757386 3.20504802378 
-1.64975079802 18402 -2.663667446 26924 -2.49512794673 -3.8877021584 4.0053046612 
-1.92647544824 18144 -3.15733293684 26368 -2.75042022255 -3.90738674294 4.60921580394 
-2.0779952941 17922 -3.71779168017 25654 -3.0946642733 -3.91582299345 5.26469243013 
-2.16095511017 17806 -4.14718796303 25052 -3.36711812335 -3.90738674294 5.76249767423 
-2.16238808925 17768 -4.62920762075 24390 -3.69582509964 -3.86801757386 6.3059185383 
-2.20694762281 17740 -4.94318629976 24080 -3.93184966261 -3.86801757386 6.69067637637 
-2.20623456509 17764 -5.21698907475 23772 -4.10959384256 -3.88207799139 6.99808598926 
-2.22707681121 17756 -5.25740514436 23708 -4.22388293209 -3.89051424191 7.10220860008 
-2.25388969677 17778 -5.40378721168 23608 -4.44662586221 -3.8877021584 7.35210286604 
-2.2548994552 17794 -5.58505483304 23424 -4.67549370251 -3.87645382438 7.62480494199 
-2.19053415829 17828 -5.71706269066 23260 -4.85737730588 -3.87082965737 7.8152005732 
-2.02611707751 17926 -5.98080678616 22910 -5.02021406732 -3.85676923984 8.06707812698 
-2.04617994696 17982 -6.15238725999 22700 -5.14220333631 -3.89332632541 8.27532334862 
-2.09088093801 17976 -6.45049502696 22434 -5.43437990939 -3.90176257593 8.68983050406 
-1.92753312718 18048 -6.28805217147 22470 -5.30360902525 -3.87364174087 8.44886103331 
-1.70829074827 18140 -5.71194538274 22670 -4.90603477485 -3.90738674294 7.7209944015 
-1.5583266148 18174 -5.27552477549 22958 -4.63376386522 -3.89895049242 7.19244819612 
-1.40763655678 18180 -4.87667227142 23282 -4.45890683939 -3.89895049242 6.7561248746 
-1.30753324872 18166 -4.47514457245 23692 -4.28560818648 -3.91863507696 6.33269292394 
-1.3084492919 18098 -4.05380992742 24128 -3.92049187042 -3.87645382438 5.78927205987 
-1.08499710794 18082 -3.07796007543 25288 -3.18705063608 -3.89332632541 4.56161689614 
-0.945991842102 18146 -2.59303025948 25930 -2.81691876024 -3.85958132335 3.94382273862 
-0.706479497265 18328 -1.95700078826 26818 -2.28590706526 -3.86239340685 3.09100897383 
-0.455790683047 18704 -1.10645714135 28234 -1.58290566029 -3.87926590788 1.98433436743 
-0.108454143738 19260 -0.119382360767 30128 -0.320761730558 -3.82864840479 0.359029994773 
0.00682856395644 19372 -0.00216135721096 30872 0.0129739948875 -3.87364174087 -0.0148197602559 
0.0212979763995 19398 -0.00841417201467 30958 0.0393875266839 -3.84270882232 -0.0455607215447 
-0.0107590488533 19380 0.00427376236966 30972 -0.0197150008703 -3.85676923984 0.0228627084208 
-0.00882347300809 19380 0.00376900253034 30982 -0.016278967341 -3.86801757386 0.0188961327707 
-0.00940834503335 19386 0.00402554004319 30976 -0.0170529097955 -3.84833298933 0.0198877766832 
-0.0104333895025 19400 0.00441881345227 30986 -0.0187072695466 -3.89613840892 0.0218710645083 
-0.00902091749653 19380 0.0039336209114 30992 -0.0161311347317 -3.84552090582 0.0188961327707 
-0.0478811208409 19396 0.031700038146 30980 -0.136199321084 -3.7808429852 0.147809841401 
0.595860177877 20202 -0.250002470411 30494 -2.09312244463 -3.86239340685 2.19059630124 
1.27126459755 20896 -0.752719249881 29854 -2.68794983083 -3.73866173262 3.06720951993 
1.88090048317 21548 -1.25149067012 29006 -3.33491747357 -3.71054089756 4.02811247119 
2.557311779 22170 -1.776568057 28294 -4.04291075241 -3.76397048417 5.10305447239 
3.0518512322 22766 -2.21577105394 27694 -5.01169519389 -3.72178923159 6.27220264528 
3.28384423175 23072 -2.51843484688 27352 -5.32275100676 -3.73303756561 6.74224185982 
3.631026922 23530 -2.86927647028 26926 -6.04102101846 -3.68523214602 7.6099302833 
4.64750708938 24738 -3.51786800941 26140 -7.10966236336 -3.67960797901 9.19358561163 
5.17910537753 25424 -3.91755320637 25648 -8.02849970857 -3.6233663089 10.3260429598 
5.47401587719 25936 -3.94190719941 25624 -8.5533445298 -3.64023880993 10.8932632777 
5.08056744561 25812 -3.61556941707 25884 -7.89334039297 -3.673983812 10.0592907473 
4.23445527308 25206 -3.36576788739 26262 -7.20455382348 -3.66273547797 9.0091398439 
3.67814755225 24652 -3.00776621734 26750 -6.54268025227 -3.71335298107 8.08591936132 
3.01994021876 23952 -2.54226072409 27392 -5.73392484448 -3.75834631716 6.96139516449 
2.47570169519 23268 -2.00481263322 28254 -4.92752444651 -3.80333965324 5.86761192896 
1.92634346576 22678 -1.57711071673 28950 -4.01385837491 -3.76678256767 4.72325485388 
1.24329513855 21894 -0.92104878752 29958 -2.60459603082 -3.7808429852 3.02952705126 
0.593810707992 21124 -0.373307527636 30786 -1.44421097178 -3.7836550687 1.60552639284 
0.0349858352798 20408 0.00324844451549 31516 -0.34833760879 -3.80333965324 0.350105199561 
-0.0345687599652 20082 0.0212724950024 31776 -0.0784305489628 -3.82583632128 0.0883112066488 
-0.0106164662667 20006 0.00519190511101 31794 -0.0195713617733 -3.74428589963 0.0228627084208 
-0.0083243590259 20016 0.00368373095643 31770 -0.0154177136541 -3.80052756974 0.0179044888581 
-0.00911606348434 20004 0.00400320842857 31784 -0.016060371805 -3.80333965324 0.0188961327707 
-0.00905767842516 20002 0.00410651949688 31802 -0.0160673206495 -3.81458798726 0.0188961327707 
-0.00912649693416 19998 0.00421370847656 31804 -0.0160004858761 -3.80333965324 0.0188961327707 
-0.00825836102954 19998 0.0037673093278 31798 -0.0142706404092 -3.80896382025 0.0169128449456 
-0.010231554554 19984 0.00467253421764 31794 -0.0175907054949 -3.80615173675 0.0208794205958 
-0.0116875974674 19984 0.0054076677029 31798 -0.0200795249122 -3.81177590376 0.0238543523334 
-0.0107311420894 19978 0.00496283641018 31796 -0.018399899645 -3.82021215427 0.0218710645083 
-0.0126939380347 19990 0.00588175197155 31798 -0.0217221679368 -3.82583632128 0.0258376401585 
-0.0122167706839 19974 0.0056659406667 31804 -0.0208799224105 -3.82021215427 0.0248459962459 
-0.0112723978045 19978 0.00525318015623 31796 -0.0191843838139 -3.80052756974 0.0228627084208 
-0.00931028947729 19972 0.00437831511084 31804 -0.015849690859 -3.77803090169 0.0188961327707 
0.0126997959823 19966 -0.00747810705552 31818 0.0210882672931 -3.81177590376 -0.0257278432938 
-1.48707975564 18440 0.244885730649 32268 -0.340237231076 -3.84270882232 1.54503611418 
-1.99540514907 17966 0.344434990781 32502 0.464685097887 -3.89895049242 2.07754889521 
-2.26297402735 17902 0.0935559495485 32322 0.937843898669 -3.89332632541 2.45139865024 
-3.24551931146 16898 0.502822167823 33018 1.34544753437 -3.89332632541 3.54914846143 
-4.12608810404 15910 0.559408126269 33380 1.89914045225 -4.01143383264 4.57649155483 
-4.90353689625 15070 0.612375217997 33572 2.37300197789 -3.98050091408 5.48186244698 
-5.49648083859 14376 0.597923546862 33730 2.66422910466 -3.97206466356 6.13733907317 
-6.36058521644 13414 0.61483509693 33890 3.1535574029 -4.02549425016 7.12600805398 
-7.06040235711 12680 0.640756432278 33986 3.56474149675 -4.03393050068 7.93518948661 
-7.10717296619 12344 0.643305394192 34008 3.48818689858 -4.08736008728 7.94312263791 
-6.18774534133 12728 0.701617180104 33972 2.83752027386 -4.06205133573 6.8433895389 
-5.10623448059 13890 0.683288770479 33796 2.31615429443 -3.98612508109 5.64845862429 
-4.64814381365 14350 0.56458305274 33638 1.99896515882 -4.01705799965 5.09115474544 
-4.00044924608 15066 0.496602068155 33446 1.53831312359 -3.92707132748 4.31469756191 
-3.60915551001 15480 0.420072206084 33286 1.26864086497 -3.93550757799 3.84862492302 
-2.78981865767 16448 0.362504353643 33034 0.885045796148 -3.8342725718 2.94920389434 
-1.89427548196 17400 0.283221464906 32760 0.432292623947 -3.80615173675 1.96350984527 
-0.499171842634 18918 0.0923211171902 32358 0.0339026575526 -3.78646715221 0.508768225568 
-0.100583789208 19342 0.0584594151782 32184 -0.0927754286289 -3.74709798313 0.148801485314 
-0.103762376666 19468 0.0726469148025 32146 -0.0923121946057 -3.78646715221 0.156734636614 
-0.00842308014962 19522 0.00451580220383 32034 -0.0101451799314 -3.77521881819 0.0139379132079 
-0.010995597501 19536 0.00610451395149 32020 -0.0141030343791 -3.75553423365 0.0188961327707 
-0.0109921572318 19528 0.00604196525707 32012 -0.0141326207375 -3.74147381612 0.0188961327707 

 
